block_seq_num,block_var_num,block_route_num,block_run_num
5200764,1,522,1
5200765,1,522,2
5200766,1,522,3
5200767,1,522,4
5200768,1,522,5
5200769,1,522,6
5200770,1,545,1
5200771,1,545,2
5200772,1,545,3
5200773,1,545,4
5200774,1,545,5
5200775,1,545,6
5200776,1,550,3
5200777,1,550,2
5200778,1,554,4
5200779,1,554,5
5200780,1,672,1
5200781,1,672,2
5200782,1,672,3
5200783,1,672,4
5200784,1,672,5
5200785,1,672,6
5200786,1,672,8
5200787,1,522,7
5200788,1,672,7
5200789,1,255,1
5200790,1,255,2
5200791,1,255,3
5200792,1,545,7
5200793,1,550,1
5200794,1,554,1
5200795,1,550,4
5200796,1,550,6
5200797,1,550,7
5200798,1,550,8
5200799,1,550,5
5200800,1,554,2
5200801,1,554,3
5200802,1,255,4
5200803,1,255,5
5200804,1,255,6
5200805,1,550,9
5200806,1,255,7
5200807,1,542,1
5200808,1,542,3
5200809,1,542,2
5200810,1,542,4
5200811,1,522,1
5200812,1,522,2
5200813,1,522,3
5200814,1,522,4
5200815,1,522,5
5200816,1,522,6
5200817,1,522,7
5200818,1,545,1
5200819,1,545,2
5200820,1,545,3
5200821,1,545,4
5200822,1,545,5
5200823,1,545,6
5200824,1,554,1
5200825,1,550,2
5200826,1,554,4
5200827,1,672,1
5200828,1,672,2
5200829,1,672,3
5200830,1,672,4
5200831,1,672,5
5200832,1,672,6
5200833,1,672,7
5200834,1,255,1
5200835,1,255,2
5200836,1,255,3
5200837,1,255,4
5200838,1,550,1
5200839,1,554,2
5200840,1,550,3
5200841,1,255,5
5200842,1,255,6
5200843,1,550,4
5200844,1,554,3
5200845,1,554,5
5200846,1,550,5
5200847,1,255,7
5200928,1,226,6
5200967,1,226,1
5200968,1,226,2
5200969,1,226,3
5200970,1,226,4
5200971,1,226,5
5200974,1,226,10
5200983,1,226,7
5200984,1,226,8
5200985,1,226,9
5201046,1,226,1
5201047,1,226,2
5201048,1,226,3
5201049,1,226,4
5201050,1,226,5
5201051,1,226,6
5201090,1,226,1
5201091,1,226,2
5201092,1,226,3
5204349,1,542,2
5204350,1,542,1
5204351,1,542,3
5204352,1,542,4
5205067,1,212,1
5205068,1,212,3
5205069,1,212,8
5205076,1,212,18
5205086,1,212,7
5205113,1,212,20
5205118,1,212,10
5205178,1,554,1
5205179,1,522,1
5205180,1,554,2
5205181,1,522,2
5205182,1,550,1
5205183,1,554,3
5205184,1,545,1
5205185,1,545,2
5205186,1,550,2
5205187,1,550,3
5205188,1,550,4
5205189,1,522,3
5205190,1,545,3
5205191,1,545,4
5205192,1,550,5
5205193,1,545,5
5205194,1,550,7
5205195,1,550,6
5205196,1,545,6
5205197,1,550,8
5205198,1,554,4
5205199,1,522,4
5205200,1,545,7
5205201,1,542,1
5205202,1,545,8
5205203,1,522,5
5205204,1,550,9
5205205,1,554,5
5205206,1,522,6
5205207,1,554,6
5205208,1,550,10
5205209,1,542,2
5205210,1,522,7
5205211,1,545,10
5205212,1,545,11
5205213,1,545,12
5205214,1,550,11
5205215,1,550,12
5205216,1,542,3
5205217,1,545,14
5205218,1,554,7
5205219,1,556,1
5205220,1,522,8
5205221,1,545,16
5205222,1,550,15
5205223,1,541,1
5205224,1,541,2
5205225,1,542,4
5205226,1,545,17
5205227,1,545,18
5205228,1,545,19
5205229,1,522,10
5205230,1,550,16
5205231,1,541,3
5205232,1,554,9
5205233,1,556,2
5205234,1,541,4
5205235,1,542,5
5205236,1,554,10
5205237,1,542,6
5205238,1,522,11
5205239,1,541,5
5205240,1,545,23
5205241,1,545,24
5205242,1,556,3
5205243,1,554,12
5205244,1,550,18
5205245,1,545,25
5205246,1,550,19
5205247,1,522,12
5205248,1,542,8
5205249,1,522,13
5205250,1,545,26
5205251,1,556,4
5205252,1,550,21
5205253,1,545,27
5205254,1,545,29
5205255,1,522,14
5205256,1,545,30
5205257,1,522,15
5205258,1,522,16
5205259,1,545,31
5205260,1,545,32
5205261,1,522,17
5205262,1,545,33
5205263,1,550,23
5205264,1,550,24
5205265,1,545,34
5205266,1,545,35
5205267,1,522,18
5205268,1,545,36
5205269,1,541,7
5205270,1,556,5
5205271,1,545,37
5205272,1,545,38
5205273,1,550,26
5205274,1,554,14
5205275,1,541,9
5205276,1,541,10
5205277,1,550,27
5205278,1,556,6
5205279,1,545,39
5205280,1,541,11
5205281,1,550,30
5205282,1,522,20
5205283,1,550,31
5205284,1,522,21
5205285,1,556,7
5205286,1,550,33
5205287,1,545,41
5205288,1,550,34
5205290,1,550,35
5205291,1,545,42
5205292,1,541,12
5205293,1,556,8
5205294,1,522,25
5205295,1,556,9
5205296,1,541,6
5205297,1,541,8
5205298,1,212,4
5205299,1,212,5
5205300,1,212,6
5205301,1,212,9
5205302,1,212,11
5205303,1,212,12
5205304,1,212,14
5205305,1,212,17
5205306,1,212,19
5205307,1,212,21
5205308,1,212,22
5205309,1,212,23
5205310,1,212,24
5205311,1,212,25
5205312,1,212,26
5205313,1,212,27
5205314,1,212,29
5205315,1,212,28
5205316,1,212,30
5205317,1,212,31
5205318,1,212,32
5205319,1,550,17
5205320,1,545,20
5205321,1,545,22
5205322,1,545,43
5205323,1,522,24
5205324,1,522,9
5205325,1,522,23
5205326,1,542,10
5205327,1,542,11
5205328,1,542,12
5205329,1,542,9
5205330,1,542,7
5205331,1,542,13
5205332,1,554,8
5205333,1,554,11
5205334,1,212,13
5205335,1,824,1
5205336,1,888,1
5205337,1,823,1
5205340,1,212,15
5205341,1,212,16
5205348,1,212,2
5205349,1,212,33
5205351,1,554,15
5205352,1,554,16
5205353,1,554,13
5205354,1,550,36
5205355,1,550,38
5205356,1,550,13
5205357,1,550,14
5205358,1,545,21
5205359,1,550,20
5205360,1,550,22
5205361,1,550,25
5205362,1,550,28
5205363,1,550,32
5205364,1,550,37
5205365,1,550,29
5205366,1,545,13
5205367,1,545,9
5205368,1,545,28
5205369,1,522,19
5205370,1,545,40
5205371,1,545,15
5206724,1,40,1
5206725,1,40,3
5206726,1,40,2
5206727,1,40,5
5206728,1,40,4
5206729,1,40,6
5206730,1,40,8
5206731,1,40,7
5206732,1,40,10
5206733,1,40,9
5206734,1,40,12
5206735,1,40,11
5206736,1,40,13
5206737,1,40,14
5206738,1,5,2
5206739,1,5,3
5206740,1,5,4
5206741,1,5,5
5206742,1,5,6
5206743,1,5,7
5206744,1,5,8
5206745,1,5,9
5206746,1,5,10
5206747,1,5,11
5206748,1,5,12
5206749,1,5,13
5206750,1,5,14
5206751,1,5,16
5206752,1,5,19
5206753,1,5,20
5206754,1,5,21
5206755,1,5,22
5206756,1,60,1
5206757,1,60,2
5206758,1,60,3
5206759,1,60,4
5206760,1,60,5
5206761,1,60,6
5206762,1,71,1
5206763,1,71,2
5206764,1,71,3
5206765,1,106,1
5206766,1,106,2
5206767,1,106,3
5206768,1,106,4
5206769,1,106,5
5206770,1,106,6
5206771,1,106,7
5206772,1,106,8
5206773,1,106,9
5206774,1,106,10
5206775,1,106,11
5206776,1,5,1
5206777,1,40,15
5206778,1,40,16
5206779,1,128,1
5206780,1,128,3
5206781,1,128,2
5206782,1,128,5
5206783,1,128,4
5206784,1,128,6
5206785,1,11,1
5206786,1,11,2
5206787,1,11,3
5206788,1,11,4
5206789,1,11,5
5206790,1,11,6
5206791,1,128,12
5206792,1,128,10
5206793,1,128,11
5206794,1,128,8
5206795,1,128,9
5206796,1,128,7
5206797,1,5,15
5206798,1,5,17
5206799,1,5,18
5206800,1,5,25
5206801,1,5,8
5206802,1,5,2
5206803,1,5,4
5206804,1,5,10
5206805,1,5,9
5206806,1,5,3
5206807,1,5,17
5206808,1,5,6
5206809,1,5,13
5206810,1,18,12
5206811,1,5,5
5206812,1,56,3
5206813,1,15,12
5206814,1,55,12
5206815,1,17,13
5206816,1,43,1
5206817,1,40,28
5206818,1,56,1
5206819,1,18,10
5206820,1,56,2
5206821,1,214,16
5206822,1,43,2
5206823,1,17,1
5206824,1,18,1
5206825,1,40,6
5206826,1,57,9
5206827,1,43,3
5206828,1,15,10
5206829,1,15,13
5206830,1,5,16
5206831,1,17,10
5206832,1,21,3
5206833,1,18,13
5206834,1,5,14
5206835,1,21,11
5206836,1,56,6
5206837,1,56,9
5206838,1,55,2
5206839,1,18,3
5206840,1,56,8
5206841,1,5,11
5206842,1,57,1
5206843,1,21,1
5206844,1,21,5
5206845,1,18,2
5206846,1,17,14
5206847,1,21,12
5206848,1,21,2
5206849,1,17,2
5206850,1,5,36
5206851,1,5,32
5206852,1,17,11
5206853,1,56,4
5206854,1,57,8
5206855,1,15,14
5206856,1,5,39
5206857,1,55,13
5206858,1,18,4
5206859,1,56,7
5206860,1,18,11
5206861,1,56,5
5206862,1,55,14
5206863,1,15,1
5206864,1,57,2
5206865,1,18,14
5206866,1,55,1
5206867,1,55,10
5206868,1,5,22
5206869,1,5,33
5206870,1,5,37
5206871,1,15,3
5206872,1,15,4
5206874,1,214,20
5206875,1,214,19
5206876,1,214,18
5206877,1,214,17
5206878,1,214,9
5206879,1,214,15
5206880,1,214,14
5206881,1,214,13
5206882,1,214,12
5206883,1,214,11
5206884,1,214,6
5206885,1,214,4
5206886,1,214,2
5206887,1,5,30
5206888,1,56,10
5206889,1,21,13
5206890,1,21,14
5206891,1,15,15
5206892,1,55,11
5206893,1,5,34
5206894,1,106,1
5206895,1,106,3
5206896,1,106,9
5206897,1,106,10
5206898,1,106,12
5206899,1,106,2
5206900,1,106,5
5206901,1,106,14
5206902,1,106,11
5206903,1,106,6
5206904,1,106,4
5206905,1,106,7
5206906,1,106,8
5206907,1,5,40
5206908,1,55,15
5206909,1,5,21
5206910,1,15,2
5206911,1,17,12
5206912,1,5,26
5206913,1,21,15
5206914,1,106,15
5206915,1,980,1
5206916,1,987,1
5206917,1,994,1
5206918,1,988,1
5206919,1,995,1
5206920,1,71,1
5206921,1,71,2
5206922,1,71,3
5206923,1,5,1
5206924,1,113,2
5206925,1,113,5
5206926,1,5,31
5206927,1,113,6
5206928,1,17,3
5206929,1,60,1
5206930,1,60,2
5206931,1,60,3
5206932,1,60,4
5206933,1,60,6
5206934,1,60,7
5206935,1,60,8
5206936,1,60,9
5206937,1,60,10
5206938,1,60,12
5206939,1,60,15
5206940,1,60,17
5206941,1,60,14
5206942,1,5,29
5206943,1,15,11
5206944,1,60,16
5206945,1,128,2
5206946,1,128,5
5206947,1,128,3
5206948,1,128,4
5206949,1,128,6
5206950,1,128,8
5206951,1,128,9
5206953,1,128,11
5206954,1,128,10
5206955,1,106,13
5206956,1,11,4
5206957,1,11,3
5206958,1,11,2
5206959,1,11,5
5206960,1,11,1
5206961,1,11,7
5206962,1,11,6
5206963,1,21,16
5206964,1,5,35
5206965,1,55,3
5206966,1,21,4
5206967,1,5,12
5206968,1,987,2
5206969,1,988,2
5206970,1,995,2
5206971,1,214,1
5206972,1,214,5
5206973,1,214,10
5206974,1,214,3
5206975,1,5,24
5206976,1,114,11
5206977,1,114,1
5206978,1,5,7
5206979,1,114,2
5206980,1,114,3
5206981,1,114,4
5206982,1,114,5
5206983,1,114,12
5206984,1,114,7
5206985,1,114,8
5206986,1,114,9
5206987,1,114,10
5206988,1,17,5
5206989,1,55,4
5206990,1,114,6
5206991,1,57,3
5206992,1,77,8
5206993,1,77,9
5206994,1,984,1
5206995,1,77,10
5206996,1,77,11
5206997,1,77,12
5206998,1,77,1
5206999,1,77,2
5207000,1,77,3
5207001,1,77,4
5207002,1,77,5
5207003,1,77,6
5207004,1,77,7
5207005,1,309,1
5207006,1,309,2
5207007,1,309,3
5207008,1,309,4
5207009,1,309,5
5207010,1,309,6
5207011,1,309,7
5207012,1,309,8
5207013,1,5,23
5207014,1,56,11
5207015,1,40,16
5207016,1,113,3
5207017,1,57,4
5207018,1,5,20
5207019,1,21,7
5207020,1,56,12
5207021,1,55,5
5207022,1,57,10
5207023,1,57,11
5207024,1,113,4
5207025,1,5,18
5207026,1,15,16
5207027,1,5,27
5207028,1,5,19
5207029,1,5,15
5207030,1,113,7
5207031,1,106,16
5207032,1,214,7
5207033,1,214,8
5207034,1,128,1
5207035,1,40,1
5207036,1,40,4
5207037,1,40,34
5207038,1,40,2
5207039,1,40,39
5207040,1,40,3
5207041,1,40,21
5207042,1,40,8
5207043,1,40,5
5207044,1,40,33
5207045,1,40,10
5207046,1,40,7
5207047,1,40,13
5207048,1,60,5
5207050,1,40,9
5207051,1,40,32
5207052,1,40,11
5207053,1,40,17
5207054,1,40,12
5207055,1,40,19
5207056,1,40,31
5207057,1,40,14
5207058,1,40,40
5207059,1,40,15
5207060,1,128,7
5207061,1,40,42
5207062,1,40,22
5207063,1,40,18
5207064,1,40,24
5207065,1,40,38
5207066,1,40,20
5207067,1,40,25
5207068,1,40,23
5207069,1,994,2
5207070,1,40,26
5207071,1,40,29
5207072,1,40,35
5207073,1,40,36
5207074,1,40,43
5207076,1,40,37
5207077,1,40,27
5207078,1,40,44
5207079,1,40,30
5207080,1,60,13
5207081,1,60,11
5207082,1,5,28
5207084,1,18,5
5207085,1,17,4
5207086,1,21,6
5207087,1,21,17
5207088,1,15,5
5207089,1,5,2
5207090,1,5,3
5207091,1,5,4
5207092,1,5,5
5207093,1,5,6
5207094,1,5,7
5207095,1,5,8
5207096,1,5,9
5207097,1,5,10
5207098,1,5,11
5207099,1,5,12
5207100,1,5,13
5207101,1,5,14
5207102,1,5,15
5207103,1,5,16
5207104,1,5,17
5207105,1,5,18
5207106,1,5,19
5207107,1,5,20
5207108,1,5,23
5207109,1,5,22
5207110,1,5,24
5207111,1,40,1
5207112,1,40,2
5207113,1,40,3
5207114,1,40,4
5207115,1,40,5
5207116,1,40,6
5207117,1,40,7
5207118,1,40,8
5207119,1,40,9
5207120,1,40,10
5207121,1,40,11
5207122,1,40,12
5207123,1,40,13
5207124,1,40,14
5207125,1,40,16
5207126,1,60,1
5207127,1,60,2
5207128,1,60,3
5207129,1,60,4
5207130,1,60,5
5207131,1,106,1
5207132,1,106,2
5207133,1,106,3
5207134,1,106,4
5207135,1,106,5
5207136,1,106,6
5207137,1,5,1
5207138,1,60,6
5207139,1,5,21
5207140,1,128,1
5207141,1,128,3
5207142,1,128,2
5207143,1,128,5
5207144,1,128,4
5207145,1,128,6
5207146,1,11,1
5207147,1,11,2
5207148,1,11,3
5207149,1,128,12
5207150,1,128,11
5207151,1,128,10
5207152,1,128,9
5207153,1,128,8
5207154,1,128,7
5207155,1,11,4
5207156,1,40,15
5207157,1,40,17
5207173,1,599,1
5207174,1,599,6
5207175,1,599,2
5207176,1,599,7
5207177,1,599,8
5207178,1,599,4
5207179,1,599,9
5207180,1,599,5
5207181,1,599,10
5207182,1,599,12
5207183,1,599,3
5207184,1,599,11
5207185,1,599,41
5207186,1,599,2
5207187,1,599,1
5207188,1,599,6
5207189,1,599,7
5207190,1,599,42
5207191,1,599,9
5207192,1,599,4
5207193,1,599,10
5207194,1,599,44
5207195,1,599,45
5207196,1,599,8
5207197,1,599,46
5207198,1,599,3
5207199,1,599,11
5207200,1,599,12
5207201,1,599,47
5207202,1,599,51
5207203,1,599,54
5207204,1,599,52
5207205,1,599,55
5207206,1,599,56
5207207,1,599,53
5207208,1,599,57
5207209,1,599,43
5207210,1,599,5
5207211,1,599,7
5207212,1,599,12
5207213,1,599,1
5207214,1,599,9
5207215,1,599,8
5207216,1,599,2
5207217,1,599,4
5207218,1,599,10
5207219,1,599,5
5207220,1,599,6
5207221,1,599,3
5207222,1,599,11
5207233,1,12,1
5207234,1,12,2
5207235,1,12,3
5207236,1,12,5
5207237,1,12,4
5207238,1,12,6
5207239,1,12,7
5207240,1,12,8
5207241,1,12,9
5207242,1,12,10
5207243,1,36,1
5207244,1,36,2
5207245,1,36,3
5207246,1,36,6
5207247,1,36,8
5207248,1,36,9
5207249,1,36,10
5207250,1,36,11
5207251,1,36,12
5207252,1,36,13
5207253,1,36,14
5207254,1,36,17
5207255,1,36,19
5207256,1,36,21
5207257,1,36,23
5207258,1,36,4
5207259,1,36,7
5207260,1,10,1
5207261,1,10,10
5207262,1,10,2
5207263,1,10,3
5207264,1,10,4
5207265,1,10,6
5207266,1,10,7
5207267,1,10,8
5207268,1,10,9
5207269,1,36,20
5207270,1,36,15
5207271,1,36,16
5207272,1,36,22
5207273,1,2,2
5207274,1,2,1
5207275,1,2,3
5207276,1,2,4
5207277,1,2,5
5207278,1,2,6
5207279,1,2,7
5207280,1,2,8
5207281,1,2,10
5207282,1,2,9
5207283,1,2,11
5207284,1,2,13
5207285,1,2,15
5207286,1,2,17
5207287,1,2,19
5207288,1,2,12
5207289,1,2,16
5207290,1,1,1
5207291,1,1,2
5207292,1,1,3
5207293,1,1,4
5207294,1,1,5
5207295,1,1,6
5207296,1,1,7
5207297,1,1,8
5207298,1,1,9
5207299,1,1,10
5207300,1,1,11
5207301,1,1,12
5207302,1,1,13
5207303,1,70,1
5207304,1,44,1
5207305,1,36,18
5207306,1,36,5
5207307,1,44,5
5207308,1,44,9
5207309,1,44,10
5207310,1,44,12
5207311,1,44,2
5207312,1,44,3
5207313,1,44,4
5207314,1,44,6
5207315,1,44,7
5207316,1,44,8
5207317,1,44,11
5207318,1,44,13
5207319,1,44,14
5207320,1,44,15
5207321,1,44,16
5207322,1,44,17
5207323,1,44,18
5207324,1,44,19
5207325,1,7,31
5207326,1,7,33
5207327,1,7,26
5207328,1,7,30
5207329,1,7,29
5207330,1,7,32
5207331,1,7,23
5207332,1,7,28
5207333,1,7,25
5207334,1,7,24
5207335,1,7,21
5207336,1,7,22
5207337,1,7,18
5207338,1,7,19
5207339,1,7,20
5207340,1,7,15
5207341,1,7,13
5207342,1,7,14
5207343,1,7,12
5207344,1,7,11
5207345,1,7,10
5207346,1,7,9
5207347,1,7,7
5207348,1,7,6
5207349,1,7,8
5207350,1,7,4
5207351,1,7,3
5207352,1,7,2
5207353,1,7,5
5207354,1,7,17
5207355,1,7,1
5207356,1,7,27
5207357,1,2,20
5207358,1,7,16
5207359,1,70,2
5207360,1,70,3
5207361,1,70,5
5207362,1,70,6
5207363,1,70,7
5207364,1,70,8
5207365,1,70,9
5207366,1,70,10
5207367,1,70,12
5207368,1,70,13
5207369,1,47,3
5207370,1,47,2
5207371,1,47,1
5207372,1,70,17
5207373,1,70,18
5207374,1,70,4
5207375,1,70,14
5207376,1,70,21
5207377,1,70,22
5207378,1,70,11
5207379,1,70,15
5207380,1,70,19
5207381,1,10,5
5207383,1,70,16
5207417,1,2,14
5207418,1,2,18
5207445,1,70,20
5207448,1,673,1
5207449,1,673,2
5207450,1,673,3
5207451,1,673,4
5207452,1,673,5
5207453,1,673,6
5207454,1,673,7
5207455,1,673,8
5207456,1,673,9
5207457,1,673,10
5207458,1,673,11
5207459,1,673,12
5207460,1,673,13
5207461,1,673,14
5207462,1,673,15
5207463,1,673,16
5207464,1,673,17
5207465,1,673,18
5207466,1,673,19
5207467,1,673,20
5207468,1,673,21
5207469,1,673,22
5207470,1,673,23
5207471,1,673,24
5207472,1,673,25
5207473,1,673,26
5207474,1,673,27
5207475,1,673,28
5207476,1,673,29
5207477,1,673,30
5207478,1,673,31
5207479,1,673,32
5207480,1,673,33
5207481,1,673,34
5207482,1,673,35
5207483,1,673,36
5207484,1,673,37
5207485,1,673,38
5207486,1,673,39
5207487,1,673,40
5207488,1,673,41
5207489,1,673,42
5207490,1,673,43
5207491,1,673,44
5207492,1,673,45
5207493,1,673,46
5207494,1,673,47
5207495,1,673,48
5207496,1,674,1
5207497,1,674,2
5207498,1,674,3
5207499,1,674,4
5207500,1,674,5
5207501,1,674,6
5207502,1,674,7
5207503,1,674,8
5207504,1,674,9
5207505,1,674,10
5207506,1,674,11
5207507,1,674,12
5207508,1,674,13
5207509,1,674,14
5207510,1,674,15
5207511,1,674,16
5207512,1,674,17
5207513,1,674,18
5207514,1,674,19
5207515,1,674,20
5207516,1,674,21
5207517,1,674,22
5207518,1,674,23
5207519,1,674,24
5207520,1,674,25
5207521,1,674,26
5207522,1,674,27
5207523,1,674,28
5207524,1,674,29
5207525,1,674,30
5207527,1,674,33
5207528,1,675,1
5207529,1,675,2
5207530,1,675,4
5207531,1,675,5
5207532,1,675,6
5207533,1,675,7
5207534,1,675,8
5207535,1,675,9
5207536,1,675,10
5207537,1,675,11
5207538,1,675,13
5207539,1,675,14
5207540,1,675,15
5207541,1,675,16
5207542,1,675,17
5207543,1,675,18
5207544,1,675,19
5207545,1,675,20
5207546,1,675,21
5207547,1,675,22
5207548,1,675,23
5207549,1,675,24
5207550,1,675,25
5207551,1,675,26
5207552,1,675,27
5207553,1,675,28
5207555,1,675,29
5207557,1,675,30
5207558,1,675,31
5207559,1,675,32
5207560,1,675,33
5207561,1,675,34
5207562,1,675,36
5207563,1,675,37
5207564,1,675,38
5207565,1,675,39
5207566,1,675,40
5207567,1,675,41
5207568,1,675,42
5207569,1,675,43
5207570,1,675,44
5207571,1,675,45
5207572,1,675,46
5207573,1,675,47
5207574,1,674,32
5207575,1,675,3
5207576,1,675,12
5207577,1,12,2
5207578,1,12,3
5207579,1,12,4
5207580,1,12,1
5207581,1,47,1
5207582,1,7,1
5207583,1,7,2
5207584,1,7,3
5207585,1,7,4
5207586,1,7,5
5207587,1,7,6
5207588,1,7,7
5207589,1,7,8
5207590,1,7,9
5207591,1,7,10
5207592,1,7,11
5207593,1,7,12
5207594,1,7,13
5207595,1,7,14
5207596,1,7,15
5207597,1,7,16
5207598,1,7,17
5207599,1,7,18
5207600,1,7,19
5207601,1,7,20
5207602,1,7,21
5207603,1,44,1
5207604,1,44,2
5207605,1,44,3
5207606,1,44,4
5207607,1,44,5
5207608,1,44,6
5207609,1,44,7
5207610,1,44,8
5207611,1,44,9
5207612,1,36,1
5207613,1,36,2
5207614,1,36,3
5207615,1,36,4
5207616,1,36,5
5207617,1,36,6
5207618,1,36,10
5207619,1,36,11
5207620,1,10,1
5207621,1,10,2
5207622,1,10,3
5207623,1,10,4
5207624,1,36,7
5207625,1,36,8
5207626,1,36,9
5207627,1,2,2
5207628,1,2,4
5207629,1,2,5
5207630,1,2,6
5207631,1,2,8
5207632,1,2,9
5207633,1,1,1
5207634,1,1,2
5207635,1,1,4
5207636,1,1,6
5207637,1,1,5
5207638,1,1,7
5207639,1,3,7
5207640,1,3,8
5207641,1,3,9
5207642,1,3,6
5207643,1,3,5
5207644,1,3,3
5207645,1,3,2
5207646,1,3,1
5207647,1,3,4
5207648,1,3,10
5207649,1,1,3
5207650,1,2,3
5207651,1,2,7
5207652,1,2,1
5207653,1,70,1
5207654,1,70,2
5207655,1,70,3
5207656,1,70,4
5207657,1,70,5
5207658,1,70,6
5207659,1,70,7
5207660,1,120,1
5207661,1,120,2
5207662,1,120,3
5207663,1,120,9
5207664,1,120,4
5207665,1,120,8
5207666,1,120,5
5207667,1,120,10
5207668,1,120,6
5207669,1,120,7
5207670,1,120,11
5207671,1,673,1
5207672,1,673,2
5207673,1,673,3
5207674,1,673,4
5207675,1,673,5
5207676,1,673,6
5207677,1,673,7
5207678,1,673,8
5207679,1,673,9
5207680,1,673,10
5207681,1,673,11
5207682,1,673,12
5207683,1,673,13
5207684,1,673,14
5207685,1,673,15
5207686,1,673,16
5207687,1,674,1
5207688,1,674,2
5207689,1,674,3
5207690,1,674,4
5207691,1,674,5
5207692,1,674,6
5207693,1,674,7
5207694,1,674,8
5207695,1,674,9
5207696,1,674,10
5207697,1,674,11
5207698,1,674,12
5207699,1,674,13
5207700,1,674,14
5207701,1,674,15
5207702,1,674,16
5207703,1,674,17
5207704,1,675,1
5207705,1,675,2
5207706,1,675,3
5207707,1,675,4
5207708,1,675,5
5207709,1,675,6
5207710,1,675,7
5207711,1,675,8
5207712,1,675,9
5207713,1,675,10
5207714,1,675,11
5207715,1,675,12
5207716,1,675,13
5207717,1,675,14
5207718,1,675,15
5207719,1,675,16
5207720,1,675,17
5207721,1,120,12
5207722,1,12,1
5207723,1,47,1
5207724,1,12,2
5207725,1,7,1
5207726,1,7,2
5207727,1,7,3
5207728,1,7,4
5207729,1,7,5
5207730,1,7,6
5207731,1,7,7
5207732,1,7,8
5207733,1,7,9
5207734,1,7,10
5207735,1,7,11
5207736,1,7,12
5207737,1,7,13
5207738,1,7,14
5207739,1,7,15
5207740,1,7,16
5207741,1,7,17
5207742,1,7,18
5207743,1,7,19
5207744,1,7,20
5207745,1,44,2
5207746,1,44,3
5207747,1,44,4
5207748,1,44,5
5207749,1,44,6
5207750,1,44,7
5207751,1,44,1
5207752,1,36,1
5207753,1,36,2
5207754,1,36,3
5207755,1,36,4
5207756,1,36,5
5207757,1,36,6
5207758,1,36,7
5207759,1,36,8
5207760,1,36,9
5207761,1,10,1
5207762,1,10,2
5207763,1,10,3
5207764,1,10,4
5207765,1,1,1
5207766,1,1,2
5207767,1,1,3
5207768,1,1,4
5207769,1,1,5
5207770,1,2,1
5207771,1,2,2
5207772,1,2,3
5207773,1,2,4
5207774,1,3,1
5207775,1,3,2
5207776,1,3,3
5207777,1,3,4
5207778,1,3,5
5207779,1,3,6
5207780,1,3,7
5207781,1,3,8
5207782,1,3,9
5207783,1,70,1
5207784,1,70,2
5207785,1,70,3
5207786,1,70,4
5207787,1,70,5
5207788,1,70,8
5207789,1,70,6
5207790,1,70,7
5207791,1,120,1
5207792,1,120,2
5207793,1,120,3
5207794,1,120,7
5207795,1,120,4
5207796,1,120,5
5207797,1,120,6
5207798,1,120,8
5207799,1,120,10
5207800,1,120,11
5207801,1,120,13
5207802,1,120,12
5207803,1,120,9
5207804,1,673,1
5207805,1,673,2
5207806,1,673,3
5207807,1,673,4
5207808,1,673,5
5207809,1,673,6
5207810,1,673,7
5207811,1,673,8
5207812,1,673,9
5207813,1,673,10
5207814,1,673,11
5207815,1,673,12
5207816,1,673,13
5207817,1,673,14
5207818,1,674,1
5207819,1,674,2
5207820,1,674,3
5207821,1,674,4
5207822,1,674,5
5207823,1,674,6
5207824,1,674,7
5207825,1,674,8
5207826,1,674,9
5207829,1,675,1
5207830,1,675,2
5207831,1,675,3
5207832,1,675,4
5207833,1,675,5
5207834,1,675,6
5207835,1,675,7
5207836,1,675,8
5207837,1,675,9
5207838,1,675,10
5207839,1,675,11
5207840,1,675,12
5207841,1,675,13
5207842,1,675,14
5207843,1,675,15
5208038,1,3,1
5208039,1,3,2
5208040,1,3,3
5208041,1,3,4
5208042,1,3,5
5208043,1,3,6
5208044,1,3,7
5208045,1,3,8
5208046,1,3,9
5208047,1,3,10
5208048,1,3,11
5208049,1,3,12
5208050,1,3,13
5208051,1,3,14
5208052,1,3,15
5208053,1,3,16
5208054,1,3,17
5208055,1,3,18
5208056,1,3,19
5208057,1,3,20
5208058,1,3,21
5208059,1,3,22
5208060,1,3,23
5208061,1,3,24
5208062,1,3,25
5208063,1,4,1
5208064,1,4,2
5208139,1,167,3
5208140,1,167,4
5208141,1,167,2
5208142,1,37,2
5208143,1,37,1
5208144,1,37,3
5208145,1,27,7
5208146,1,37,6
5208147,1,37,4
5208148,1,37,5
5208149,1,121,1
5208150,1,123,6
5208151,1,121,2
5208152,1,123,1
5208153,1,121,8
5208154,1,121,3
5208155,1,122,2
5208156,1,121,9
5208157,1,48,4
5208158,1,123,4
5208159,1,122,3
5208160,1,122,6
5208161,1,121,12
5208162,1,121,6
5208163,1,123,3
5208164,1,121,7
5208165,1,123,5
5208166,1,26,12
5208167,1,121,4
5208168,1,121,5
5208169,1,29,1
5208170,1,29,12
5208171,1,29,10
5208172,1,29,2
5208173,1,29,8
5208174,1,29,3
5208175,1,29,11
5208176,1,29,4
5208177,1,29,9
5208178,1,29,5
5208179,1,29,7
5208180,1,48,3
5208181,1,48,6
5208182,1,48,9
5208183,1,48,11
5208184,1,48,12
5208185,1,48,15
5208186,1,26,1
5208187,1,28,9
5208188,1,26,15
5208189,1,122,1
5208190,1,28,12
5208191,1,28,1
5208192,1,28,27
5208193,1,28,2
5208194,1,26,2
5208195,1,28,3
5208196,1,28,4
5208197,1,28,33
5208198,1,26,3
5208199,1,28,5
5208200,1,28,6
5208201,1,28,7
5208202,1,28,8
5208203,1,26,4
5208204,1,26,5
5208205,1,28,10
5208206,1,26,7
5208207,1,28,29
5208208,1,28,13
5208209,1,26,8
5208210,1,28,15
5208211,1,26,13
5208212,1,28,17
5208213,1,28,28
5208214,1,26,11
5208215,1,26,14
5208216,1,28,31
5208217,1,28,21
5208218,1,28,23
5208219,1,64,5
5208220,1,64,9
5208221,1,64,6
5208222,1,64,7
5208223,1,64,4
5208224,1,64,3
5208225,1,62,2
5208226,1,62,3
5208227,1,64,1
5208228,1,62,4
5208229,1,62,5
5208230,1,62,6
5208231,1,62,7
5208232,1,64,2
5208233,1,62,8
5208234,1,62,1
5208235,1,62,9
5208236,1,62,11
5208237,1,62,12
5208238,1,62,13
5208239,1,62,16
5208240,1,62,17
5208241,1,62,21
5208242,1,64,8
5208243,1,62,22
5208244,1,62,24
5208245,1,62,25
5208246,1,28,32
5208247,1,19,2
5208248,1,19,3
5208249,1,19,4
5208250,1,124,1
5208251,1,124,2
5208252,1,124,3
5208253,1,124,5
5208254,1,124,4
5208255,1,124,7
5208256,1,124,8
5208257,1,124,9
5208258,1,124,15
5208259,1,27,6
5208260,1,27,1
5208261,1,124,6
5208262,1,27,2
5208263,1,27,3
5208264,1,124,10
5208265,1,124,11
5208266,1,27,4
5208267,1,28,16
5208268,1,124,16
5208269,1,124,17
5208270,1,124,21
5208271,1,124,22
5208272,1,48,8
5208273,1,9,1
5208274,1,9,2
5208275,1,9,3
5208276,1,9,6
5208277,1,9,7
5208278,1,9,8
5208279,1,9,9
5208280,1,9,5
5208281,1,63,1
5208282,1,63,2
5208283,1,63,6
5208284,1,63,3
5208285,1,63,7
5208286,1,63,5
5208287,1,124,20
5208288,1,124,12
5208289,1,124,14
5208290,1,124,18
5208291,1,27,5
5208292,1,124,19
5208293,1,124,13
5208294,1,19,1
5208295,1,27,8
5208296,1,62,18
5208297,1,303,1
5208298,1,303,2
5208299,1,303,3
5208300,1,303,4
5208301,1,303,5
5208302,1,303,6
5208303,1,303,7
5208304,1,303,8
5208305,1,48,16
5208306,1,303,9
5208307,1,303,10
5208308,1,8,16
5208309,1,29,13
5208310,1,29,6
5208311,1,26,9
5208312,1,28,19
5208313,1,62,15
5208314,1,63,8
5208315,1,303,12
5208316,1,122,7
5208317,1,45,1
5208318,1,45,2
5208319,1,45,3
5208320,1,45,4
5208321,1,45,5
5208322,1,45,6
5208323,1,45,7
5208324,1,45,9
5208325,1,45,8
5208326,1,45,11
5208327,1,45,10
5208328,1,45,12
5208329,1,45,14
5208330,1,45,15
5208331,1,45,17
5208332,1,45,16
5208333,1,45,19
5208334,1,45,20
5208335,1,45,18
5208336,1,45,21
5208337,1,45,13
5208338,1,26,6
5208339,1,62,10
5208340,1,123,7
5208341,1,48,17
5208342,1,62,19
5208343,1,28,11
5208344,1,48,5
5208345,1,48,7
5208346,1,48,10
5208347,1,48,14
5208348,1,48,18
5208349,1,62,14
5208350,1,28,20
5208351,1,48,1
5208352,1,48,2
5208353,1,48,13
5208354,1,28,14
5208355,1,26,10
5208356,1,28,24
5208357,1,28,30
5208359,1,62,20
5208360,1,24,1
5208361,1,76,1
5208362,1,76,2
5208363,1,76,3
5208364,1,76,4
5208365,1,76,5
5208366,1,76,6
5208367,1,76,7
5208368,1,76,8
5208369,1,76,9
5208370,1,76,10
5208371,1,76,11
5208372,1,76,12
5208373,1,76,13
5208374,1,63,9
5208375,1,24,2
5208376,1,9,4
5208377,1,303,11
5208378,1,64,10
5208379,1,308,4
5208380,1,308,1
5208381,1,308,5
5208382,1,308,2
5208383,1,308,3
5208384,1,28,18
5208385,1,28,22
5208386,1,121,10
5208387,1,122,4
5208388,1,121,11
5208389,1,121,13
5208390,1,123,2
5208391,1,121,14
5208392,1,62,23
5208393,1,63,4
5208394,1,8,1
5208395,1,8,3
5208396,1,8,2
5208397,1,8,4
5208398,1,8,5
5208399,1,8,7
5208400,1,8,8
5208401,1,8,15
5208402,1,8,6
5208403,1,8,9
5208404,1,8,10
5208405,1,8,17
5208406,1,8,11
5208407,1,8,13
5208408,1,8,12
5208409,1,8,14
5208410,1,122,5
5208411,1,167,1
5208412,1,125,2
5208413,1,125,8
5208414,1,125,1
5208415,1,125,3
5208416,1,125,4
5208417,1,125,5
5208418,1,125,6
5208419,1,125,7
5208421,1,124,6
5208422,1,124,5
5208423,1,124,10
5208424,1,124,9
5208425,1,124,11
5208426,1,124,12
5208427,1,27,1
5208428,1,124,1
5208429,1,124,2
5208430,1,27,3
5208431,1,124,3
5208432,1,124,4
5208433,1,124,7
5208434,1,124,8
5208435,1,48,4
5208436,1,48,5
5208437,1,48,6
5208438,1,48,8
5208439,1,48,10
5208440,1,48,9
5208441,1,28,7
5208442,1,28,1
5208443,1,28,2
5208444,1,26,2
5208445,1,26,6
5208446,1,28,6
5208447,1,28,5
5208448,1,26,1
5208449,1,28,4
5208450,1,26,5
5208451,1,26,4
5208452,1,26,3
5208453,1,28,3
5208454,1,26,7
5208455,1,8,1
5208456,1,8,2
5208457,1,8,3
5208458,1,8,4
5208459,1,8,5
5208460,1,8,6
5208461,1,8,7
5208462,1,8,8
5208463,1,8,9
5208464,1,62,1
5208465,1,62,2
5208466,1,62,3
5208467,1,62,4
5208468,1,62,6
5208469,1,62,5
5208470,1,62,7
5208471,1,62,8
5208472,1,62,9
5208473,1,62,10
5208474,1,62,11
5208475,1,26,8
5208476,1,27,2
5208477,1,124,13
5208478,1,45,1
5208479,1,45,2
5208480,1,45,3
5208481,1,45,4
5208482,1,45,5
5208483,1,45,7
5208484,1,45,6
5208485,1,45,8
5208486,1,8,10
5208487,1,26,13
5208488,1,48,11
5208489,1,26,14
5208490,1,26,9
5208491,1,26,10
5208492,1,26,15
5208493,1,26,12
5208495,1,26,11
5208496,1,48,2
5208497,1,48,3
5208498,1,48,1
5208499,1,48,7
5208500,1,125,1
5208501,1,125,2
5208502,1,125,3
5208504,1,124,1
5208505,1,124,3
5208506,1,124,2
5208507,1,124,8
5208508,1,124,6
5208509,1,124,4
5208510,1,124,5
5208511,1,124,7
5208512,1,48,4
5208513,1,48,5
5208514,1,48,6
5208515,1,48,7
5208516,1,28,6
5208517,1,28,7
5208518,1,28,5
5208519,1,28,4
5208520,1,28,2
5208521,1,28,1
5208522,1,28,3
5208523,1,26,6
5208524,1,26,7
5208525,1,26,5
5208526,1,26,4
5208527,1,26,3
5208528,1,26,2
5208529,1,26,1
5208530,1,62,1
5208531,1,62,2
5208532,1,62,3
5208533,1,62,4
5208534,1,62,5
5208535,1,62,6
5208536,1,62,8
5208537,1,62,10
5208538,1,26,8
5208539,1,45,1
5208540,1,45,2
5208541,1,45,3
5208542,1,45,4
5208543,1,45,5
5208544,1,45,6
5208545,1,45,7
5208546,1,45,8
5208547,1,8,1
5208548,1,8,3
5208549,1,8,4
5208550,1,8,5
5208551,1,8,6
5208552,1,8,7
5208553,1,26,10
5208554,1,26,9
5208555,1,28,8
5208556,1,28,9
5208557,1,26,12
5208558,1,26,11
5208559,1,8,2
5208560,1,48,1
5208561,1,48,2
5208562,1,48,3
5208563,1,27,1
5208564,1,27,2
5208565,1,27,3
5208566,1,27,5
5208567,1,27,4
5208568,1,62,7
5208569,1,62,9
5208570,1,62,11
5208571,1,27,6
5208572,1,125,1
5208573,1,125,2
5208574,1,125,3
5208675,1,522,22
5208816,1,111,1
5208955,1,107,5
5209055,1,50,6
5209056,1,50,5
5209060,1,50,1
5209061,1,50,8
5209081,1,101,4
5209082,1,150,10
5209115,1,50,10
5209116,1,50,13
5209121,1,111,10
5209143,1,118,1
5209639,1,75,1
5209640,1,65,1
5209641,1,65,15
5209642,1,65,20
5209643,1,65,2
5209644,1,65,3
5209645,1,65,4
5209646,1,65,5
5209647,1,65,6
5209648,1,65,7
5209649,1,65,8
5209650,1,65,9
5209651,1,65,10
5209652,1,65,11
5209653,1,65,12
5209654,1,65,13
5209655,1,65,22
5209656,1,65,14
5209657,1,65,16
5209658,1,312,15
5209659,1,373,2
5209660,1,74,2
5209661,1,301,3
5209662,1,75,10
5209663,1,74,10
5209664,1,301,1
5209665,1,301,2
5209666,1,301,4
5209667,1,301,5
5209668,1,301,7
5209669,1,301,8
5209670,1,301,9
5209671,1,301,10
5209672,1,301,11
5209673,1,301,12
5209674,1,301,13
5209675,1,301,14
5209676,1,301,15
5209677,1,301,19
5209678,1,301,18
5209679,1,304,1
5209680,1,304,2
5209681,1,661,4
5209682,1,304,4
5209683,1,304,5
5209684,1,304,6
5209685,1,304,7
5209686,1,312,1
5209687,1,312,2
5209688,1,312,4
5209689,1,312,5
5209690,1,312,6
5209691,1,661,1
5209692,1,312,7
5209693,1,312,8
5209694,1,312,9
5209695,1,661,2
5209696,1,312,10
5209697,1,312,11
5209698,1,312,13
5209699,1,312,16
5209700,1,312,17
5209701,1,312,21
5209702,1,312,19
5209703,1,312,22
5209704,1,312,23
5209705,1,312,24
5209706,1,312,27
5209707,1,312,28
5209708,1,316,1
5209709,1,316,2
5209710,1,316,3
5209711,1,316,4
5209712,1,316,5
5209713,1,316,6
5209715,1,316,10
5209716,1,316,11
5209717,1,330,1
5209718,1,331,1
5209719,1,331,2
5209720,1,331,3
5209721,1,331,4
5209722,1,331,6
5209723,1,331,7
5209724,1,331,8
5209725,1,331,9
5209726,1,342,11
5209727,1,342,12
5209728,1,342,13
5209729,1,342,15
5209730,1,346,1
5209731,1,346,2
5209732,1,346,3
5209733,1,346,4
5209734,1,346,5
5209735,1,346,6
5209736,1,372,1
5209737,1,372,3
5209738,1,372,4
5209739,1,372,5
5209740,1,372,6
5209741,1,372,7
5209742,1,372,8
5209743,1,372,15
5209744,1,372,16
5209745,1,372,17
5209746,1,372,18
5209747,1,372,19
5209748,1,372,20
5209749,1,372,21
5209750,1,372,22
5209751,1,372,23
5209752,1,661,10
5209753,1,661,11
5209754,1,661,12
5209755,1,661,13
5209756,1,373,3
5209757,1,73,1
5209758,1,73,2
5209759,1,73,3
5209760,1,373,5
5209761,1,74,3
5209762,1,74,1
5209763,1,74,5
5209764,1,301,6
5209765,1,304,3
5209766,1,74,9
5209767,1,75,19
5209768,1,74,11
5209769,1,74,12
5209770,1,301,16
5209771,1,75,2
5209772,1,75,3
5209773,1,75,5
5209774,1,75,15
5209775,1,75,4
5209776,1,75,6
5209777,1,75,7
5209778,1,75,8
5209779,1,75,9
5209780,1,75,11
5209781,1,75,12
5209782,1,75,14
5209783,1,75,16
5209784,1,75,17
5209785,1,75,18
5209786,1,75,23
5209787,1,75,25
5209788,1,78,1
5209789,1,75,24
5209790,1,75,26
5209791,1,74,8
5209792,1,312,20
5209793,1,65,18
5209794,1,65,17
5209795,1,75,20
5209796,1,74,14
5209797,1,65,19
5209798,1,316,9
5209799,1,74,13
5209800,1,372,26
5209802,1,372,25
5209803,1,74,7
5209804,1,75,13
5209805,1,316,8
5209806,1,372,9
5209807,1,372,12
5209808,1,372,13
5209809,1,372,14
5209810,1,331,10
5209811,1,342,14
5209812,1,75,21
5209813,1,331,12
5209814,1,331,11
5209815,1,331,5
5209816,1,312,14
5209817,1,74,6
5209818,1,355,1
5209819,1,355,11
5209820,1,355,2
5209821,1,355,13
5209822,1,355,3
5209823,1,355,8
5209824,1,355,7
5209825,1,355,4
5209826,1,355,12
5209827,1,355,5
5209828,1,355,9
5209829,1,355,6
5209830,1,355,10
5209831,1,316,7
5209832,1,373,7
5209833,1,373,6
5209834,1,373,9
5209835,1,373,1
5209836,1,373,8
5209837,1,373,4
5209838,1,75,27
5209839,1,312,18
5209840,1,372,10
5209841,1,372,11
5209842,1,372,2
5209843,1,312,3
5209844,1,312,12
5209847,1,41,1
5209849,1,41,2
5209851,1,41,3
5209853,1,41,4
5209854,1,75,22
5209856,1,41,14
5209859,1,41,5
5209860,1,41,38
5209861,1,41,7
5209863,1,41,6
5209865,1,41,8
5209866,1,41,9
5209868,1,74,4
5209870,1,41,10
5209871,1,74,15
5209872,1,41,36
5209873,1,41,11
5209875,1,41,12
5209876,1,41,27
5209878,1,316,12
5209879,1,41,13
5209881,1,41,15
5209883,1,41,16
5209885,1,661,3
5209886,1,41,18
5209887,1,301,17
5209888,1,41,17
5209889,1,41,19
5209890,1,41,30
5209892,1,41,20
5209894,1,41,21
5209895,1,41,22
5209896,1,75,12
5209897,1,75,4
5209898,1,75,3
5209899,1,75,8
5209900,1,75,1
5209901,1,75,7
5209902,1,75,2
5209903,1,75,9
5209904,1,75,11
5209905,1,75,10
5209906,1,75,5
5209907,1,65,7
5209908,1,65,9
5209909,1,65,8
5209910,1,65,4
5209911,1,65,6
5209912,1,65,5
5209913,1,65,11
5209914,1,65,10
5209915,1,75,6
5209916,1,73,1
5209917,1,73,2
5209918,1,73,3
5209919,1,331,1
5209920,1,331,2
5209921,1,331,3
5209922,1,331,4
5209923,1,331,5
5209924,1,331,6
5209925,1,331,7
5209926,1,331,8
5209927,1,331,9
5209928,1,346,1
5209929,1,346,2
5209930,1,346,3
5209931,1,346,4
5209932,1,346,5
5209933,1,346,6
5209934,1,372,1
5209935,1,372,2
5209936,1,372,3
5209937,1,372,4
5209938,1,372,5
5209939,1,65,3
5209940,1,65,1
5209941,1,65,2
5209943,1,75,13
5209944,1,65,12
5209945,1,372,6
5209946,1,41,1
5209947,1,41,11
5209948,1,41,3
5209949,1,41,8
5209950,1,41,2
5209951,1,41,4
5209957,1,41,6
5209959,1,372,1
5209960,1,372,2
5209961,1,372,4
5209962,1,372,3
5209963,1,65,4
5209964,1,65,5
5209965,1,65,6
5209966,1,65,7
5209967,1,65,8
5209968,1,75,1
5209969,1,75,2
5209970,1,75,3
5209971,1,75,4
5209972,1,75,5
5209973,1,75,6
5209974,1,73,1
5209975,1,73,2
5209976,1,73,3
5209977,1,331,1
5209978,1,331,3
5209979,1,331,4
5209980,1,331,5
5209981,1,331,7
5209982,1,331,8
5209983,1,331,9
5209984,1,331,10
5209985,1,65,1
5209986,1,65,2
5209987,1,75,7
5209988,1,65,3
5209989,1,75,8
5209990,1,331,6
5209991,1,331,2
5209993,1,65,9
5209994,1,65,10
5210009,1,65,21
5210010,1,41,29
5211432,1,312,25
5211433,1,41,37
5211434,1,41,26
5211435,1,41,39
5211436,1,41,41
5211438,1,41,25
5211439,1,41,40
5211440,1,41,35
5211442,1,41,42
5212889,1,41,5
5212890,1,41,7
5212891,1,41,10
5212892,1,41,9
5212893,1,41,13
5212894,1,41,12
5213610,1,41,1
5213611,1,41,2
5213612,1,41,3
5213613,1,41,4
5213614,1,41,5
5213615,1,41,6
5213616,1,41,7
5213617,1,41,8
5213618,1,41,9
5213619,1,41,10
5215944,1,5,38
5220878,1,60,7
5220978,1,118,2
5220979,1,118,4
5220980,1,118,1
5220981,1,119,22
5220982,1,118,3
5220983,1,118,5
5220984,1,119,31
5220985,1,118,6
5220986,1,119,21
5220990,1,119,32
5221178,1,674,31
5221278,1,41,31
5221839,1,118,1
5221939,1,675,35
5221940,1,674,10
5221941,1,674,11
5221942,1,70,10
5221943,1,70,9
5223298,1,120,1
5223299,1,120,2
5223300,1,120,3
5223301,1,120,4
5223302,1,120,5
5223303,1,120,6
5223304,1,120,7
5223305,1,120,8
5223306,1,120,9
5223307,1,120,24
5223308,1,120,10
5223309,1,120,11
5223310,1,120,12
5223311,1,120,13
5223312,1,120,14
5223313,1,120,15
5223314,1,120,16
5223315,1,120,17
5223316,1,120,18
5223317,1,120,19
5223318,1,120,20
5223319,1,120,21
5223320,1,120,22
5223321,1,120,23
5223322,1,120,25
5223324,1,120,27
5223325,1,120,28
5223326,1,120,29
5223327,1,120,30
5223328,1,120,31
5223329,1,120,32
5223330,1,120,33
5223331,1,120,34
5223332,1,120,35
5223363,1,41,11
5223364,1,41,12
5223365,1,41,13
5225866,1,41,23
5225867,1,41,34
5225868,1,41,28
5225869,1,41,33
5225870,1,41,32
5225871,1,41,24
5225872,1,372,24
5225873,1,65,13
5226266,1,28,26
5227096,1,775,1
5227100,1,773,2
5227101,1,775,2
5227102,1,973,2
5227105,1,204,2
5227106,1,204,1
5227107,1,204,3
5227109,1,635,1
5227110,1,635,2
5227122,1,773,2
5227123,1,973,1
5227124,1,773,1
5227136,1,204,1
5227139,1,773,2
5227140,1,973,1
5227141,1,773,1
5227154,1,930,1
5227155,1,930,2
5227156,1,930,3
5227157,1,917,1
5227158,1,914,1
5227159,1,914,2
5227160,1,914,3
5227161,1,910,1
5227162,1,908,1
5227163,1,913,1
5227164,1,913,3
5227165,1,913,4
5227166,1,931,2
5227167,1,931,3
5227168,1,931,4
5227169,1,931,7
5227170,1,931,8
5227171,1,931,1
5227172,1,975,1
5227173,1,975,2
5227174,1,906,1
5227175,1,906,2
5227176,1,931,6
5227177,1,931,5
5227178,1,628,1
5227179,1,628,2
5227180,1,628,4
5227181,1,628,5
5227182,1,628,6
5227183,1,630,2
5227184,1,630,3
5227185,1,630,4
5227186,1,630,5
5227187,1,630,6
5227188,1,630,1
5227189,1,631,1
5227190,1,901,1
5227191,1,903,1
5227192,1,903,2
5227193,1,903,3
5227194,1,903,4
5227195,1,903,5
5227196,1,903,6
5227197,1,903,7
5227198,1,903,8
5227199,1,903,9
5227200,1,628,3
5227201,1,915,1
5227202,1,915,2
5227204,1,973,1
5227205,1,907,1
5227206,1,907,2
5227208,1,913,2
5227209,1,773,1
5227210,1,775,1
5227211,1,930,4
5227212,1,930,5
5227213,1,930,6
5227214,1,635,1
5227215,1,635,2
5227216,1,635,3
5227217,1,635,4
5227218,1,629,1
5227219,1,629,2
5227220,1,773,2
5227221,1,775,2
5227222,1,973,2
5227223,1,914,2
5227224,1,914,1
5227225,1,914,3
5227226,1,917,1
5227227,1,910,1
5227228,1,908,1
5227229,1,915,1
5227230,1,906,1
5227231,1,906,2
5227232,1,903,2
5227233,1,903,1
5227234,1,903,1
5227235,1,903,2
5227236,1,40,41
5227336,1,28,8
5227337,1,28,25
5227636,1,312,26
5229383,1,120,26
5235248,1,98,1
5235249,1,98,2
5235250,1,98,1
5235251,1,98,2
5235252,1,599,41
5235253,1,599,1
5235254,1,599,6
5235255,1,599,7
5235256,1,599,42
5235257,1,599,9
5235258,1,599,4
5235259,1,599,10
5235260,1,599,44
5235261,1,599,45
5235262,1,599,8
5235263,1,599,46
5235264,1,599,3
5235265,1,599,11
5235266,1,599,12
5235267,1,599,47
5235268,1,599,51
5235269,1,599,54
5235270,1,599,52
5235271,1,599,55
5235272,1,599,56
5235273,1,599,53
5235274,1,599,57
5235275,1,599,2
5235276,1,599,43
5235277,1,599,5
5235278,1,599,1
5235279,1,599,2
5235280,1,599,8
5235281,1,599,4
5235282,1,599,9
5235283,1,599,5
5235284,1,599,10
5235285,1,599,12
5235286,1,599,3
5235287,1,599,11
5235288,1,599,6
5235289,1,599,7
5235290,1,599,7
5235291,1,599,8
5235292,1,599,2
5235293,1,599,4
5235294,1,599,10
5235295,1,599,5
5235296,1,599,6
5235297,1,599,3
5235298,1,599,11
5235299,1,599,12
5235300,1,599,1
5235301,1,599,9
5235302,1,96,2
5235303,1,96,6
5235304,1,96,3
5235305,1,96,4
5235306,1,96,5
5235307,1,96,1
5235308,1,96,1
5235309,1,96,2
5235310,1,96,3
5235311,1,96,1
5235312,1,96,2
5235313,1,96,4
5235314,1,96,3
5235315,1,98,1
5235316,1,98,2
5235317,1,98,3
5235318,1,98,1
5235319,1,98,2
5235320,1,98,3
5235349,1,75,12
5235350,1,75,4
5235351,1,75,3
5235352,1,75,8
5235353,1,75,1
5235354,1,75,7
5235355,1,75,2
5235356,1,75,9
5235357,1,75,11
5235358,1,75,10
5235359,1,75,5
5235360,1,65,7
5235361,1,65,9
5235362,1,65,8
5235363,1,65,4
5235364,1,65,6
5235365,1,65,5
5235366,1,65,11
5235367,1,65,10
5235368,1,75,6
5235369,1,41,1
5235370,1,41,3
5235371,1,41,4
5235372,1,73,1
5235373,1,73,2
5235374,1,73,3
5235375,1,331,1
5235376,1,331,2
5235377,1,331,3
5235378,1,331,4
5235379,1,331,5
5235380,1,331,6
5235381,1,331,7
5235382,1,331,8
5235383,1,331,9
5235384,1,346,1
5235385,1,346,2
5235386,1,346,3
5235387,1,346,4
5235388,1,346,5
5235389,1,346,6
5235390,1,372,1
5235391,1,372,2
5235392,1,372,3
5235393,1,372,4
5235394,1,372,5
5235395,1,65,3
5235396,1,65,1
5235397,1,65,2
5235398,1,65,13
5235399,1,75,13
5235400,1,65,12
5235401,1,41,2
5235402,1,372,6
5235403,1,41,5
5235404,1,41,6
5235405,1,41,8
5235406,1,41,7
5235407,1,41,9
5235408,1,41,10
5235409,1,41,11
5235410,1,372,1
5235411,1,372,2
5235412,1,372,4
5235413,1,372,3
5235414,1,65,4
5235415,1,65,5
5235416,1,65,6
5235417,1,65,7
5235418,1,65,8
5235419,1,75,1
5235420,1,75,2
5235421,1,75,3
5235422,1,75,4
5235423,1,75,5
5235424,1,75,6
5235425,1,41,2
5235426,1,41,3
5235427,1,41,4
5235428,1,73,1
5235429,1,73,2
5235430,1,73,3
5235431,1,331,1
5235432,1,331,3
5235433,1,331,4
5235434,1,331,5
5235435,1,331,7
5235436,1,331,8
5235437,1,331,9
5235438,1,331,10
5235439,1,65,1
5235440,1,65,2
5235441,1,75,7
5235442,1,41,5
5235443,1,65,3
5235444,1,41,1
5235445,1,41,6
5235446,1,41,7
5235447,1,75,8
5235448,1,41,8
5235449,1,41,12
5235450,1,41,10
5235451,1,41,9
5235452,1,331,6
5235453,1,331,2
5235454,1,65,10
5235455,1,65,9
5235456,1,41,11
5235457,1,65,11
5235458,1,75,1
5235459,1,65,1
5235460,1,65,15
5235461,1,65,20
5235462,1,65,2
5235463,1,65,3
5235464,1,65,4
5235465,1,65,5
5235466,1,65,6
5235467,1,65,7
5235468,1,65,8
5235469,1,65,23
5235470,1,65,9
5235471,1,65,10
5235472,1,65,11
5235473,1,65,12
5235474,1,65,13
5235475,1,65,21
5235476,1,65,14
5235477,1,65,16
5235478,1,312,14
5235479,1,41,1
5235480,1,41,2
5235481,2,41,3
5235482,1,41,4
5235483,1,41,5
5235484,1,373,2
5235485,1,41,15
5235486,2,74,2
5235487,1,41,6
5235488,1,41,7
5235489,2,301,3
5235490,1,75,10
5235491,1,41,11
5235492,1,41,12
5235493,2,41,13
5235494,1,41,16
5235495,1,41,17
5235496,1,41,18
5235497,1,41,19
5235498,1,41,20
5235499,1,41,21
5235500,1,41,22
5235501,1,41,26
5235502,1,41,27
5235503,1,41,31
5235504,1,41,30
5235505,2,74,13
5235506,2,41,34
5235507,2,41,35
5235508,2,41,36
5235509,2,41,37
5235510,2,41,38
5235511,2,301,1
5235512,2,301,2
5235513,1,301,4
5235514,1,301,5
5235515,1,301,6
5235516,2,301,7
5235517,1,301,8
5235518,1,301,9
5235519,1,301,10
5235520,1,301,11
5235521,2,301,12
5235522,2,301,13
5235523,2,301,14
5235524,2,301,16
5235525,2,301,15
5235526,1,304,1
5235527,1,304,2
5235528,1,661,3
5235529,1,304,3
5235530,1,304,4
5235531,1,304,5
5235532,1,304,6
5235533,1,312,1
5235534,2,312,2
5235535,2,312,4
5235536,1,312,5
5235537,1,312,6
5235538,2,661,1
5235539,2,312,7
5235540,1,312,8
5235541,1,312,9
5235542,1,661,2
5235543,2,312,10
5235544,2,312,11
5235545,1,312,12
5235546,2,312,15
5235547,1,312,16
5235548,1,312,19
5235549,2,312,18
5235550,2,312,20
5235551,1,312,21
5235552,2,312,22
5235553,1,312,23
5235554,2,312,24
5235555,1,316,1
5235556,1,316,2
5235557,1,316,3
5235558,1,316,4
5235559,1,316,5
5235560,1,316,6
5235561,1,316,10
5235562,1,316,11
5235563,1,316,12
5235564,1,330,1
5235565,1,331,1
5235566,1,331,2
5235567,1,331,3
5235568,1,331,4
5235569,1,331,6
5235570,1,331,7
5235571,1,331,8
5235572,1,331,9
5235573,1,342,11
5235574,1,342,12
5235575,1,342,13
5235576,1,342,15
5235577,1,346,1
5235578,1,346,2
5235579,1,346,3
5235580,1,346,4
5235581,1,346,5
5235582,1,346,6
5235583,1,372,1
5235584,1,372,3
5235585,1,372,4
5235586,1,372,5
5235587,1,372,6
5235588,1,372,7
5235589,1,372,8
5235590,1,372,14
5235591,1,372,15
5235592,1,372,16
5235593,1,372,17
5235594,1,372,18
5235595,1,372,19
5235596,1,372,20
5235597,1,372,22
5235598,1,372,23
5235599,1,661,10
5235600,1,661,11
5235601,1,661,12
5235602,1,661,13
5235603,1,373,3
5235604,1,73,1
5235605,1,73,2
5235606,1,73,3
5235607,1,373,5
5235608,2,74,3
5235609,1,74,1
5235610,1,74,4
5235611,2,74,6
5235612,1,74,8
5235613,2,74,11
5235614,1,74,12
5235615,2,74,15
5235616,2,74,16
5235617,2,74,17
5235618,2,74,20
5235619,1,75,2
5235620,1,75,3
5235621,1,75,5
5235622,1,75,15
5235623,1,75,4
5235624,1,75,6
5235625,1,75,7
5235626,1,75,8
5235627,1,75,9
5235628,1,75,11
5235629,1,75,12
5235630,1,75,14
5235631,1,75,16
5235632,1,75,17
5235633,1,75,18
5235634,1,75,22
5235635,1,75,24
5235635,2,75,24
5235636,1,78,1
5235637,1,75,23
5235638,1,65,22
5235639,1,75,25
5235640,2,41,14
5235641,1,75,19
5235642,1,74,10
5235643,2,74,14
5235644,1,65,18
5235645,1,65,17
5235646,1,75,20
5235647,2,74,19
5235648,1,65,19
5235649,1,316,9
5235650,2,74,18
5235651,1,372,25
5235652,1,372,21
5235653,1,372,24
5235654,1,41,8
5235655,1,74,9
5235656,1,75,13
5235657,1,41,32
5235658,1,316,8
5235659,1,372,9
5235660,1,372,11
5235661,1,372,12
5235662,1,372,13
5235663,1,331,10
5235664,1,342,14
5235665,1,75,21
5235666,1,331,12
5235667,1,331,11
5235668,1,331,5
5235669,1,41,10
5235670,1,41,24
5235671,1,312,13
5235672,1,74,7
5235673,2,41,9
5235674,1,355,1
5235675,1,355,11
5235676,1,355,2
5235677,1,355,13
5235678,1,355,3
5235679,1,355,8
5235680,1,355,7
5235681,1,355,4
5235682,1,355,12
5235683,1,355,5
5235684,1,355,9
5235685,1,355,6
5235686,1,355,10
5235687,2,41,40
5235688,1,316,7
5235689,2,41,41
5235690,1,331,13
5235691,1,373,7
5235692,1,373,6
5235693,1,373,9
5235694,1,373,1
5235695,1,373,8
5235696,1,373,4
5235697,2,41,33
5235698,2,41,39
5235699,1,41,29
5235700,1,75,26
5235701,1,312,17
5235702,1,74,5
5235703,1,41,25
5235704,1,41,23
5235705,1,41,28
5235706,1,372,10
5235707,1,372,2
5235708,1,312,3
5235710,1,167,3
5235711,1,167,4
5235712,1,167,2
5235713,1,37,2
5235714,1,37,1
5235715,1,37,3
5235716,1,27,7
5235717,1,37,6
5235718,1,37,4
5235719,1,37,5
5235720,1,121,1
5235721,1,123,6
5235722,1,121,2
5235723,1,123,1
5235724,1,121,8
5235725,1,121,3
5235726,1,122,2
5235727,1,121,9
5235728,1,48,4
5235729,1,123,4
5235730,1,122,3
5235731,1,122,7
5235732,1,121,12
5235733,1,121,6
5235734,2,123,3
5235735,1,121,7
5235736,2,123,5
5235737,1,26,12
5235738,1,121,4
5235739,1,121,5
5235740,1,29,1
5235741,1,29,12
5235742,1,29,10
5235743,1,29,2
5235744,1,29,8
5235745,1,29,3
5235746,1,29,11
5235747,1,29,4
5235748,1,29,9
5235749,1,29,5
5235750,1,29,7
5235751,1,48,3
5235752,1,48,6
5235753,1,48,9
5235754,1,48,11
5235755,1,48,12
5235756,1,48,15
5235757,1,26,1
5235758,1,28,9
5235759,1,26,16
5235760,1,122,1
5235761,1,28,12
5235762,1,28,1
5235763,1,28,25
5235764,1,28,2
5235765,1,26,2
5235766,1,28,3
5235767,1,28,4
5235768,1,28,31
5235769,1,26,3
5235770,1,28,5
5235771,1,28,6
5235772,1,28,7
5235773,1,28,8
5235774,1,26,4
5235775,1,26,5
5235776,1,28,10
5235777,1,26,7
5235778,1,28,27
5235779,1,28,13
5235780,1,26,8
5235781,1,28,15
5235782,1,26,14
5235783,1,28,17
5235784,1,28,26
5235785,1,26,11
5235786,1,26,15
5235787,1,28,29
5235788,1,28,21
5235789,1,28,23
5235790,1,64,5
5235791,1,64,9
5235792,1,64,6
5235793,1,64,7
5235794,1,64,4
5235795,1,64,3
5235796,1,62,2
5235797,1,62,3
5235798,1,64,1
5235799,1,62,4
5235800,1,62,5
5235801,1,62,6
5235802,1,62,7
5235803,1,64,2
5235804,1,62,8
5235805,1,62,1
5235806,1,62,9
5235807,1,62,11
5235808,1,62,12
5235809,1,62,13
5235810,1,62,16
5235811,1,62,17
5235812,1,62,21
5235813,1,64,8
5235814,1,62,22
5235815,1,62,24
5235816,1,62,25
5235817,1,28,30
5235818,1,19,2
5235819,1,19,3
5235820,1,19,4
5235821,1,124,1
5235822,1,124,2
5235823,1,124,3
5235824,1,124,5
5235825,1,124,4
5235826,1,124,7
5235827,1,124,8
5235828,1,124,9
5235829,1,124,15
5235830,1,27,6
5235831,1,27,1
5235832,1,124,6
5235833,1,27,2
5235834,1,27,3
5235835,1,124,10
5235836,1,124,11
5235837,1,27,4
5235838,1,28,16
5235839,1,124,16
5235840,1,124,17
5235841,1,124,21
5235842,1,124,22
5235843,1,48,8
5235844,1,9,1
5235845,1,9,2
5235846,1,9,3
5235847,1,9,6
5235848,1,9,7
5235849,1,9,8
5235850,1,9,9
5235851,1,9,5
5235852,1,63,1
5235853,1,63,2
5235854,1,63,6
5235855,1,63,3
5235856,1,63,7
5235857,1,63,5
5235858,1,124,20
5235859,1,124,12
5235860,1,124,14
5235861,1,124,18
5235862,1,27,5
5235863,1,124,19
5235864,1,124,13
5235865,1,19,1
5235866,1,27,8
5235867,1,62,18
5235868,1,303,1
5235869,1,303,2
5235870,1,303,3
5235871,1,303,4
5235872,1,303,5
5235873,1,303,6
5235874,1,303,7
5235875,2,303,8
5235876,1,48,16
5235877,1,303,9
5235878,1,303,10
5235879,1,8,16
5235880,1,29,13
5235881,1,29,6
5235882,1,26,9
5235883,1,28,19
5235884,1,62,15
5235885,1,63,8
5235886,1,303,12
5235887,1,122,8
5235888,1,45,1
5235889,1,45,2
5235890,1,45,3
5235891,1,45,4
5235892,1,45,5
5235893,1,45,6
5235894,1,45,7
5235895,1,45,9
5235896,1,45,8
5235897,1,45,11
5235898,1,45,10
5235899,1,45,12
5235900,1,45,14
5235901,1,45,15
5235902,1,45,17
5235903,1,45,16
5235904,1,45,19
5235905,1,45,20
5235906,1,45,18
5235907,1,45,21
5235908,1,45,13
5235909,1,26,6
5235910,1,62,10
5235911,1,123,7
5235912,1,48,17
5235913,1,62,19
5235914,1,28,11
5235915,1,48,5
5235916,2,48,7
5235917,1,48,10
5235918,1,48,14
5235919,1,48,18
5235920,1,62,14
5235921,1,28,20
5235922,1,48,1
5235923,1,48,2
5235924,1,48,13
5235925,1,28,14
5235926,1,26,10
5235927,1,28,24
5235928,1,28,28
5235929,1,26,13
5235930,1,62,20
5235931,1,24,1
5235932,1,76,1
5235933,1,76,2
5235934,1,76,3
5235935,1,76,4
5235936,1,76,5
5235937,1,76,6
5235938,1,76,7
5235939,1,76,8
5235940,1,76,9
5235941,1,76,10
5235942,1,76,11
5235943,1,76,12
5235944,1,76,13
5235945,1,63,9
5235946,1,24,2
5235947,1,9,4
5235948,1,303,11
5235949,1,64,10
5235950,1,308,4
5235951,1,308,1
5235952,1,308,5
5235953,1,308,2
5235954,1,308,3
5235955,1,28,18
5235956,1,28,22
5235957,2,121,10
5235958,1,122,4
5235959,1,121,11
5235960,1,121,13
5235961,1,123,2
5235962,1,121,14
5235963,1,62,23
5235964,1,63,4
5235965,1,8,1
5235966,1,8,3
5235967,1,8,2
5235968,1,8,4
5235969,1,8,5
5235970,1,8,7
5235971,1,8,8
5235972,1,8,15
5235973,1,8,6
5235974,1,8,9
5235975,1,8,10
5235976,1,8,17
5235977,1,8,11
5235978,1,8,13
5235979,1,8,12
5235980,1,8,14
5235981,1,122,5
5235982,1,167,1
5235984,1,124,6
5235985,1,124,5
5235986,1,124,10
5235987,1,124,9
5235988,1,124,11
5235989,1,124,12
5235990,1,27,1
5235991,1,124,1
5235992,1,124,2
5235993,1,27,3
5235994,1,124,3
5235995,1,124,4
5235996,1,124,7
5235997,1,124,8
5235998,1,48,4
5235999,1,48,5
5236000,1,48,6
5236001,1,48,8
5236002,1,48,10
5236003,1,48,9
5236004,1,28,7
5236005,1,28,1
5236006,1,28,2
5236007,1,26,2
5236008,1,26,6
5236009,1,28,6
5236010,1,28,5
5236011,1,26,1
5236012,1,28,4
5236013,1,26,5
5236014,1,26,4
5236015,1,26,3
5236016,1,28,3
5236017,1,26,7
5236018,1,8,1
5236019,1,8,2
5236020,1,8,3
5236021,1,8,4
5236022,1,8,5
5236023,1,8,6
5236024,1,8,7
5236025,1,8,8
5236026,1,8,9
5236027,1,62,1
5236028,1,62,2
5236029,1,62,3
5236030,1,62,4
5236031,1,62,6
5236032,1,62,5
5236033,1,62,7
5236034,1,62,8
5236035,1,62,9
5236036,1,62,10
5236037,1,62,11
5236038,1,26,8
5236039,1,27,2
5236040,1,124,13
5236041,1,45,1
5236042,1,45,2
5236043,1,45,3
5236044,1,45,4
5236045,1,45,5
5236046,1,45,7
5236047,1,45,6
5236048,1,45,8
5236049,1,8,10
5236050,1,26,13
5236051,1,48,11
5236052,1,26,14
5236053,1,26,9
5236054,1,26,10
5236055,1,26,15
5236056,1,26,12
5236057,1,28,8
5236058,1,26,11
5236059,1,48,2
5236060,1,48,3
5236061,1,48,1
5236062,1,48,7
5236064,1,124,1
5236065,1,124,3
5236066,1,124,2
5236067,1,124,8
5236068,1,124,6
5236069,1,124,4
5236070,1,124,5
5236071,1,124,7
5236072,1,48,4
5236073,1,48,5
5236074,1,48,6
5236075,1,48,7
5236076,1,28,6
5236077,1,28,7
5236078,1,28,5
5236079,1,28,4
5236080,1,28,2
5236081,1,28,1
5236082,1,28,3
5236083,1,26,6
5236084,1,26,7
5236085,1,26,5
5236086,1,26,4
5236087,1,26,3
5236088,1,26,2
5236089,1,26,1
5236090,1,62,1
5236091,1,62,2
5236092,1,62,3
5236093,1,62,4
5236094,1,62,5
5236095,1,62,6
5236096,1,62,8
5236097,1,62,10
5236098,1,26,8
5236099,1,45,1
5236100,1,45,2
5236101,1,45,3
5236102,1,45,4
5236103,1,45,5
5236104,1,45,6
5236105,1,45,7
5236106,1,45,8
5236107,1,8,1
5236108,1,8,3
5236109,1,8,4
5236110,1,8,5
5236111,1,8,6
5236112,1,8,7
5236113,1,26,10
5236114,1,26,9
5236115,1,28,8
5236116,1,28,9
5236117,1,26,12
5236118,1,26,11
5236119,1,8,2
5236120,1,48,1
5236121,1,48,2
5236122,1,48,3
5236123,1,27,1
5236124,1,27,2
5236125,1,27,3
5236126,1,27,5
5236127,1,27,4
5236128,1,62,7
5236129,1,62,9
5236130,1,62,11
5236131,1,27,6
5237221,1,40,1
5237222,1,40,3
5237223,1,40,2
5237224,1,40,5
5237225,1,40,4
5237226,1,40,6
5237227,1,40,8
5237228,1,40,7
5237229,1,40,10
5237230,1,40,9
5237231,1,40,12
5237232,1,40,11
5237233,1,675,3
5237234,1,675,4
5237235,1,675,5
5237236,1,675,6
5237237,1,675,8
5237238,1,675,9
5237239,1,675,10
5237240,1,675,11
5237241,1,675,12
5237242,1,675,13
5237243,1,675,14
5237244,1,675,17
5237245,1,674,2
5237246,1,674,3
5237247,1,674,8
5237248,1,674,11
5237249,1,674,9
5237250,1,674,10
5237251,1,675,15
5237252,1,40,13
5237253,1,40,14
5237254,1,5,2
5237255,1,5,3
5237256,1,5,4
5237257,1,5,5
5237258,1,5,6
5237259,1,5,7
5237260,1,5,8
5237261,1,5,9
5237262,1,5,10
5237263,1,5,11
5237264,1,5,12
5237265,1,5,13
5237266,1,5,14
5237267,1,5,16
5237268,1,5,19
5237269,1,5,20
5237270,1,5,21
5237271,1,5,22
5237272,1,60,1
5237273,1,60,2
5237274,1,60,3
5237275,1,60,4
5237276,1,60,5
5237277,1,60,6
5237278,1,71,1
5237279,1,71,2
5237280,1,71,3
5237281,1,106,1
5237282,1,106,2
5237283,1,106,3
5237284,1,106,4
5237285,1,106,5
5237286,1,106,6
5237287,1,106,7
5237288,1,106,8
5237289,1,106,9
5237290,1,106,10
5237291,1,106,11
5237292,1,125,1
5237293,1,125,2
5237294,1,125,3
5237295,1,5,1
5237296,1,40,15
5237297,1,674,1
5237298,1,674,7
5237299,1,675,1
5237300,1,675,2
5237301,1,674,4
5237302,1,674,5
5237303,1,674,6
5237304,1,674,17
5237305,1,674,16
5237306,1,674,12
5237307,1,674,14
5237308,1,674,13
5237309,1,674,15
5237310,1,675,7
5237311,1,675,16
5237312,1,40,16
5237313,1,128,1
5237314,1,128,3
5237315,1,128,2
5237316,1,128,5
5237317,1,128,4
5237318,1,128,6
5237319,1,11,1
5237320,1,11,2
5237321,1,11,3
5237322,1,11,4
5237323,1,11,5
5237324,1,11,6
5237325,1,128,12
5237326,1,128,10
5237327,1,128,11
5237328,1,128,8
5237329,1,128,9
5237330,1,128,7
5237331,1,5,15
5237332,1,5,17
5237333,1,5,18
5237334,1,673,1
5237335,1,673,2
5237336,1,673,3
5237337,1,673,4
5237338,1,673,5
5237339,1,673,6
5237340,1,673,7
5237341,1,673,13
5237342,1,673,8
5237343,1,673,9
5237344,1,673,10
5237345,1,673,11
5237346,1,673,12
5237347,1,673,16
5237348,1,673,14
5237349,1,673,15
5237350,1,675,3
5237351,1,675,4
5237352,1,675,5
5237353,1,675,6
5237354,1,675,7
5237355,1,675,9
5237356,1,675,10
5237357,1,674,3
5237358,1,674,2
5237359,1,674,4
5237360,1,674,6
5237361,1,674,8
5237362,1,674,9
5237363,1,674,5
5237364,1,5,2
5237365,1,5,3
5237366,1,5,4
5237367,1,5,5
5237368,1,5,6
5237369,1,5,7
5237370,1,5,8
5237371,1,5,9
5237372,1,5,10
5237373,1,5,11
5237374,1,5,12
5237375,1,5,13
5237376,1,5,14
5237377,1,5,15
5237378,1,5,16
5237379,1,5,17
5237380,1,5,18
5237381,1,5,19
5237382,1,5,20
5237383,1,5,23
5237384,1,5,22
5237385,1,5,24
5237386,1,40,1
5237387,1,40,2
5237388,1,40,3
5237389,1,40,4
5237390,1,40,5
5237391,1,40,6
5237392,1,40,7
5237393,1,40,8
5237394,1,40,9
5237395,1,40,10
5237396,1,40,11
5237397,1,40,12
5237398,1,40,13
5237399,1,40,14
5237400,1,40,16
5237401,1,60,1
5237402,1,60,2
5237403,1,60,3
5237404,1,60,4
5237405,1,60,5
5237406,1,106,1
5237407,1,106,2
5237408,1,106,3
5237409,1,106,4
5237410,1,106,5
5237411,1,106,6
5237412,1,125,1
5237413,1,125,2
5237414,1,125,3
5237415,1,5,1
5237416,1,60,6
5237417,1,674,1
5237418,1,674,7
5237419,1,675,2
5237420,1,675,1
5237421,1,675,16
5237422,1,675,15
5237423,1,675,8
5237424,1,674,11
5237425,1,674,10
5237426,1,675,14
5237427,1,675,13
5237428,1,675,11
5237429,1,5,21
5237430,1,128,1
5237431,1,128,3
5237432,1,128,2
5237433,1,128,5
5237434,1,128,4
5237435,1,128,6
5237436,1,11,1
5237437,1,11,2
5237438,1,11,3
5237439,1,128,12
5237440,1,128,11
5237441,1,128,10
5237442,1,128,9
5237443,1,128,8
5237444,1,128,7
5237445,1,11,4
5237446,1,675,12
5237447,1,40,15
5237448,1,40,17
5237449,1,673,1
5237450,1,673,2
5237451,1,673,3
5237452,1,673,4
5237453,1,673,5
5237454,1,673,11
5237455,1,673,6
5237456,1,673,7
5237457,1,673,8
5237458,1,673,9
5237459,1,673,10
5237460,1,673,12
5237461,1,673,14
5237462,1,673,13
5237463,1,5,24
5237464,1,5,8
5237465,1,5,2
5237466,1,5,4
5237467,1,5,10
5237468,1,5,9
5237469,1,5,3
5237470,1,5,17
5237471,1,5,6
5237472,1,5,13
5237473,1,18,12
5237474,1,5,5
5237475,1,56,3
5237476,1,15,11
5237477,1,55,12
5237478,1,17,13
5237479,1,43,1
5237480,1,21,10
5237481,1,56,1
5237482,1,18,10
5237483,1,56,2
5237484,1,214,16
5237485,1,43,2
5237486,1,17,1
5237487,1,18,1
5237488,1,21,1
5237489,1,57,9
5237490,1,43,3
5237491,1,15,10
5237492,1,15,12
5237493,1,5,16
5237494,1,17,10
5237495,1,21,5
5237496,1,18,13
5237497,1,5,14
5237498,1,21,11
5237499,1,56,6
5237500,1,56,9
5237501,1,55,2
5237502,1,18,3
5237503,1,56,8
5237504,1,5,11
5237505,1,57,1
5237506,1,21,2
5237507,1,21,6
5237508,1,18,2
5237509,1,17,14
5237510,1,21,12
5237511,1,21,3
5237512,1,17,2
5237513,1,5,40
5237514,1,5,36
5237515,1,17,11
5237516,1,56,4
5237517,1,57,8
5237518,1,15,13
5237519,1,5,43
5237520,1,55,13
5237521,1,18,4
5237522,1,56,7
5237523,1,18,11
5237524,1,56,5
5237525,1,55,14
5237526,1,15,1
5237527,1,57,2
5237528,1,18,14
5237529,1,55,1
5237530,1,55,10
5237531,1,40,34
5237532,1,5,21
5237532,2,5,21
5237533,1,5,37
5237534,1,5,41
5237535,1,17,4
5237536,1,5,31
5237537,1,15,3
5237538,1,15,4
5237539,1,5,42
5237540,1,214,20
5237541,1,214,19
5237542,1,214,18
5237543,1,214,17
5237544,1,214,9
5237545,1,214,15
5237546,1,214,14
5237547,1,214,13
5237548,1,214,12
5237549,1,214,11
5237550,1,214,6
5237551,1,214,4
5237552,1,214,2
5237553,1,675,2
5237554,1,675,3
5237555,1,675,4
5237556,1,675,6
5237557,1,675,7
5237558,1,675,5
5237559,1,675,10
5237560,1,674,11
5237561,1,675,11
5237562,1,675,12
5237563,1,675,13
5237564,1,675,14
5237565,1,675,17
5237566,1,675,15
5237567,1,675,18
5237568,1,675,20
5237569,1,675,21
5237570,1,675,22
5237571,1,675,32
5237572,1,675,38
5237573,1,675,39
5237574,1,675,41
5237575,1,5,34
5237576,1,56,10
5237577,1,21,13
5237578,1,21,14
5237579,1,675,19
5237580,1,15,14
5237581,1,55,11
5237581,2,55,11
5237582,1,5,38
5237583,1,106,1
5237584,1,106,3
5237585,1,106,9
5237586,1,106,10
5237587,1,106,12
5237588,1,106,2
5237589,1,106,5
5237590,1,106,14
5237591,1,106,11
5237592,1,106,6
5237593,1,106,4
5237594,1,106,7
5237595,1,106,8
5237596,1,5,44
5237597,1,55,15
5237598,1,5,20
5237599,1,125,1
5237600,1,60,4
5237601,1,125,4
5237602,1,125,6
5237603,1,15,2
5237604,1,17,12
5237605,1,5,25
5237606,1,21,15
5237607,1,675,16
5237608,1,125,2
5237609,1,674,29
5237610,1,674,1
5237611,1,674,22
5237612,1,674,3
5237613,1,674,2
5237614,1,674,6
5237615,1,674,23
5237616,1,674,5
5237617,1,674,8
5237618,1,674,7
5237619,1,674,26
5237620,1,674,30
5237621,1,674,9
5237622,1,674,27
5237623,1,674,10
5237624,1,674,15
5237625,1,674,21
5237626,1,674,12
5237627,1,674,14
5237628,1,674,25
5237629,1,674,13
5237630,1,674,16
5237631,1,674,17
5237632,1,674,18
5237633,1,674,24
5237634,1,674,28
5237635,1,106,15
5237636,1,980,1
5237637,1,987,1
5237638,1,994,1
5237638,2,994,1
5237639,1,988,1
5237640,1,995,1
5237641,1,71,1
5237642,1,71,2
5237643,1,71,3
5237644,1,5,1
5237645,1,113,2
5237646,1,113,5
5237647,1,5,35
5237648,1,113,6
5237649,1,17,3
5237650,1,60,1
5237651,1,60,2
5237652,1,60,3
5237653,1,60,5
5237654,1,60,7
5237655,1,60,8
5237656,1,60,9
5237657,1,60,10
5237658,1,60,11
5237659,1,60,12
5237660,1,60,14
5237660,2,60,14
5237661,1,60,16
5237662,1,60,17
5237663,1,60,13
5237664,1,5,32
5237665,1,984,2
5237665,2,984,2
5237666,1,60,15
5237667,1,674,4
5237668,1,675,1
5237669,1,674,32
5237670,1,674,33
5237671,1,675,29
5237672,1,40,42
5237673,1,128,1
5237674,1,128,2
5237675,1,128,5
5237676,1,128,3
5237677,1,128,4
5237678,1,128,6
5237679,1,128,8
5237680,1,128,9
5237681,1,128,10
5237682,1,128,12
5237683,1,128,11
5237684,1,106,13
5237685,1,674,19
5237686,1,674,20
5237687,1,675,28
5237688,1,11,4
5237689,1,11,3
5237690,1,11,2
5237691,1,11,5
5237692,1,11,1
5237693,1,11,7
5237694,1,11,6
5237695,1,21,16
5237696,1,5,39
5237697,1,55,4
5237698,1,21,4
5237699,1,5,12
5237700,1,987,2
5237700,2,987,2
5237701,1,988,2
5237701,2,988,2
5237702,1,995,2
5237702,2,995,2
5237703,1,214,1
5237704,1,214,5
5237705,1,214,10
5237706,1,214,3
5237707,1,125,5
5237708,1,5,23
5237709,1,114,11
5237710,1,114,1
5237711,1,5,7
5237712,1,114,2
5237713,1,114,3
5237714,1,114,4
5237715,1,114,5
5237716,1,114,12
5237717,1,114,7
5237718,1,114,8
5237719,1,114,9
5237720,1,114,10
5237721,1,675,9
5237722,1,17,5
5237723,1,55,5
5237724,1,114,6
5237725,1,57,4
5237726,1,77,8
5237727,1,77,9
5237728,1,77,10
5237729,1,77,11
5237730,1,77,12
5237731,1,77,13
5237732,1,77,1
5237733,1,77,2
5237734,1,77,3
5237735,1,77,4
5237736,1,77,5
5237737,1,77,6
5237738,1,77,7
5237739,1,309,1
5237740,1,309,2
5237741,1,309,3
5237742,1,309,4
5237743,1,309,5
5237744,1,309,6
5237745,1,309,7
5237746,1,309,8
5237747,1,5,22
5237748,1,56,11
5237749,1,674,31
5237750,1,55,3
5237751,1,113,3
5237752,1,57,5
5237753,1,21,7
5237754,1,21,9
5237755,1,56,12
5237756,1,21,8
5237757,1,55,6
5237758,1,57,10
5237759,1,57,11
5237760,1,113,4
5237761,1,5,18
5237762,1,15,15
5237763,1,5,26
5237764,1,5,19
5237765,1,125,3
5237766,1,5,15
5237767,1,113,7
5237768,1,673,50
5237769,1,673,1
5237770,1,673,48
5237771,1,673,2
5237772,1,673,33
5237773,1,673,4
5237774,1,673,31
5237775,1,673,3
5237776,1,673,47
5237777,1,673,6
5237778,1,673,5
5237779,1,673,7
5237780,1,673,10
5237781,1,673,40
5237782,1,673,8
5237783,1,673,43
5237784,1,673,9
5237785,1,673,44
5237786,1,673,11
5237787,1,673,13
5237788,1,673,45
5237789,1,673,12
5237790,1,673,38
5237791,1,675,8
5237792,1,673,39
5237793,1,673,46
5237794,1,673,15
5237795,1,673,16
5237796,1,673,17
5237797,1,673,30
5237798,1,673,18
5237799,1,673,19
5237800,1,673,32
5237801,1,673,20
5237802,1,673,21
5237803,1,673,42
5237804,1,673,22
5237805,1,673,23
5237806,1,673,34
5237807,1,673,41
5237808,1,673,24
5237809,1,673,35
5237810,1,673,25
5237811,1,673,37
5237812,1,673,26
5237813,1,673,28
5237814,1,673,36
5237815,1,673,49
5237816,1,675,23
5237817,1,675,25
5237818,1,675,31
5237819,1,675,33
5237820,1,675,30
5237821,1,675,36
5237822,1,675,43
5237823,1,675,40
5237824,1,675,37
5237825,1,675,47
5237826,1,675,44
5237827,1,675,34
5237828,1,675,26
5237829,1,675,24
5237830,1,675,48
5237831,1,675,46
5237832,1,40,1
5237833,1,40,35
5237834,1,40,4
5237835,1,106,16
5237836,1,40,40
5237837,1,40,2
5237838,1,40,31
5237839,1,40,3
5237840,1,40,26
5237841,1,40,8
5237842,1,40,30
5237843,1,40,5
5237844,1,40,41
5237845,1,40,6
5237846,1,40,11
5237847,1,40,28
5237848,1,40,7
5237849,1,40,32
5237850,1,60,6
5237851,1,40,29
5237852,1,40,9
5237853,1,40,10
5237854,1,40,15
5237855,1,40,12
5237856,1,214,7
5237857,1,40,39
5237858,1,40,13
5237859,1,128,7
5237860,1,40,18
5237861,1,40,14
5237862,1,214,8
5237863,1,40,20
5237864,1,40,16
5237865,1,994,2
5237865,2,994,2
5237866,1,40,22
5237867,1,40,17
5237868,1,40,21
5237869,1,40,38
5237870,1,40,19
5237871,1,40,27
5237872,1,40,23
5237873,1,40,24
5237874,1,40,33
5237875,1,40,25
5237876,1,673,27
5237877,1,673,29
5237878,1,675,35
5237879,1,40,36
5237880,1,40,37
5237881,1,673,14
5237882,1,675,45
5237883,1,675,27
5237884,1,5,33
5237885,1,675,42
5238287,1,545,35
5238288,1,522,20
5238289,1,556,2
5238290,1,986,1
5238291,1,824,1
5238291,2,824,1
5238292,1,888,1
5238292,2,888,1
5238293,1,887,2
5238293,2,887,2
5238294,1,216,5
5238295,1,982,1
5238296,1,824,2
5238296,2,824,2
5238297,1,989,2
5238297,2,989,2
5238298,1,212,19
5238299,1,257,5
5238300,1,268,5
5238301,1,212,21
5238302,1,823,2
5238302,2,823,2
5238303,1,257,3
5238304,1,246,10
5238304,2,246,10
5238305,1,255,12
5238306,1,255,9
5238307,1,252,3
5238308,1,257,4
5238309,1,212,26
5238310,1,252,6
5238311,1,545,33
5238312,1,545,31
5238313,1,522,13
5238314,1,268,2
5238315,1,218,6
5238316,1,212,1
5238317,1,212,3
5238318,1,212,22
5238319,1,212,28
5238320,1,212,9
5238321,1,216,2
5238322,1,216,3
5238323,1,216,6
5238324,1,216,7
5238325,1,216,8
5238326,1,218,11
5238327,1,212,20
5238328,1,217,2
5238329,1,212,25
5238330,1,218,13
5238331,1,216,1
5238332,1,219,3
5238333,1,219,4
5238334,1,219,5
5238335,1,219,8
5238336,1,219,2
5238337,1,212,8
5238338,1,892,1
5238338,2,892,1
5238339,1,823,1
5238339,2,823,1
5238340,1,252,1
5238341,1,255,1
5238342,1,255,2
5238343,1,255,3
5238344,1,255,4
5238345,1,219,1
5238346,1,255,5
5238347,1,255,6
5238348,1,255,8
5238349,1,255,10
5238350,1,255,16
5238351,1,255,17
5238352,1,219,6
5238353,1,255,24
5238354,1,255,11
5238355,1,218,3
5238356,1,218,1
5238357,1,212,2
5238358,1,212,5
5238359,1,311,1
5238360,1,311,2
5238361,1,212,18
5238362,1,255,23
5238363,1,311,5
5238364,1,311,6
5238365,1,212,15
5238366,1,255,14
5238367,1,888,2
5238367,2,888,2
5238368,1,268,4
5238369,1,522,1
5238370,1,522,4
5238371,1,545,3
5238372,1,545,5
5238373,1,522,6
5238374,1,522,9
5238375,1,545,18
5238376,1,522,11
5238377,1,522,12
5238378,1,545,21
5238379,1,522,19
5238380,1,541,1
5238381,1,541,2
5238382,1,541,3
5238383,1,541,4
5238384,1,541,5
5238385,1,541,8
5238386,1,542,1
5238387,1,542,2
5238388,1,542,3
5238389,1,542,5
5238390,1,542,6
5238391,1,542,8
5238392,1,542,10
5238393,1,542,11
5238394,1,542,12
5238395,1,542,13
5238396,1,542,14
5238397,1,542,15
5238398,1,522,3
5238399,1,545,1
5238400,1,545,2
5238401,1,545,6
5238402,1,522,5
5238403,1,545,8
5238404,1,545,7
5238405,1,522,7
5238406,1,545,11
5238407,1,545,10
5238408,1,545,13
5238409,1,545,12
5238410,1,545,17
5238411,1,545,19
5238412,1,545,20
5238413,1,545,24
5238414,1,545,34
5238415,1,550,1
5238416,1,550,2
5238417,1,550,3
5238418,1,550,5
5238419,1,550,7
5238420,1,550,9
5238421,1,554,1
5238422,1,522,2
5238423,1,554,3
5238424,1,554,2
5238425,1,554,4
5238426,1,554,5
5238427,1,554,6
5238428,1,556,1
5238429,1,554,8
5238430,1,556,7
5238431,1,556,8
5238432,1,554,7
5238433,1,545,29
5238434,1,556,6
5238435,1,556,9
5238436,1,554,12
5238437,1,550,32
5238438,1,212,30
5238439,1,212,27
5238440,1,212,31
5238441,1,886,2
5238441,2,886,2
5238442,1,545,14
5238443,1,212,23
5238444,1,212,24
5238445,1,216,4
5238446,1,257,1
5238447,1,252,4
5238448,1,218,10
5238449,2,212,4
5238450,1,212,6
5238451,1,212,10
5238452,1,212,14
5238453,1,218,2
5238454,1,218,7
5238455,1,218,8
5238456,1,217,1
5238457,1,218,4
5238458,1,218,5
5238459,1,255,7
5238460,1,255,15
5238461,1,891,2
5238461,2,891,2
5238462,1,892,2
5238462,2,892,2
5238463,1,894,2
5238463,2,894,2
5238464,1,893,2
5238464,2,893,2
5238465,1,895,2
5238465,2,895,2
5238466,1,982,2
5238466,2,982,2
5238467,1,986,2
5238467,2,986,2
5238468,1,540,1
5238469,1,540,2
5238470,1,540,3
5238471,1,540,5
5238472,1,540,6
5238473,1,540,7
5238474,1,550,11
5238475,1,550,12
5238476,1,550,14
5238477,1,550,16
5238478,1,550,18
5238479,1,550,10
5238480,1,550,15
5238481,1,550,17
5238482,1,550,20
5238483,1,550,21
5238484,1,550,13
5238485,1,550,19
5238486,1,522,10
5238487,1,522,17
5238488,1,522,21
5238489,1,522,24
5238490,1,545,23
5238491,1,545,36
5238492,1,545,38
5238493,1,545,32
5238494,1,545,26
5238495,1,257,2
5238496,1,672,1
5238497,1,672,2
5238498,1,672,3
5238499,1,672,4
5238500,1,672,6
5238501,1,672,7
5238502,1,672,9
5238503,1,672,11
5238504,1,672,12
5238505,1,672,14
5238506,1,672,15
5238507,1,672,13
5238508,1,672,16
5238509,1,672,17
5238510,1,672,18
5238511,1,556,3
5238512,1,216,9
5238513,1,212,29
5238514,1,255,20
5238515,1,541,10
5238516,1,542,9
5238517,1,541,7
5238518,1,542,4
5238519,1,545,28
5238520,1,522,8
5238521,1,522,27
5238522,1,522,22
5238523,1,541,9
5238524,1,541,11
5238525,1,550,27
5238526,1,554,11
5238527,1,522,18
5238528,1,550,30
5238529,1,556,5
5238530,1,311,4
5238531,1,255,18
5238532,1,311,3
5238533,1,212,11
5238534,1,212,12
5238535,1,212,13
5238536,1,672,10
5238537,1,672,5
5238538,1,672,8
5238539,1,556,4
5238540,1,268,1
5238541,1,889,2
5238541,2,889,2
5238542,1,268,3
5238543,1,212,7
5238544,1,545,37
5238545,1,545,40
5238546,1,545,25
5238547,1,895,1
5238547,2,895,1
5238548,1,550,25
5238549,1,550,24
5238550,1,550,28
5238551,1,550,31
5238552,1,550,34
5238553,1,550,22
5238554,1,550,33
5238555,1,255,13
5238556,1,252,5
5238557,1,255,22
5238558,1,219,7
5238559,1,255,31
5238560,1,218,12
5238561,1,217,3
5238562,1,212,33
5238563,1,550,8
5238564,1,550,4
5238565,1,550,6
5238566,1,550,29
5238567,1,550,23
5238568,1,550,26
5238569,1,554,9
5238570,1,522,14
5238571,1,522,25
5238572,1,550,36
5238573,1,556,11
5238574,1,545,41
5238575,1,556,10
5238576,1,554,15
5238577,1,554,14
5238578,1,554,10
5238579,1,554,13
5238580,1,522,16
5238581,1,522,15
5238582,1,545,27
5238583,1,545,4
5238584,1,545,39
5238585,1,545,30
5238586,1,550,35
5238587,1,545,16
5238588,1,545,15
5238589,1,545,9
5238590,1,542,7
5238591,1,522,26
5238592,1,522,23
5238593,1,545,22
5238594,1,212,16
5238595,1,252,2
5238596,1,218,9
5238597,1,212,17
5238598,1,212,32
5238599,1,311,8
5238600,1,268,6
5238601,1,311,7
5238602,1,989,1
5238603,1,255,28
5238604,1,255,19
5238605,1,255,29
5238606,1,255,27
5238607,1,255,21
5238608,1,255,25
5238609,1,255,26
5238610,1,540,8
5238611,1,540,4
5238612,1,255,30
5238622,1,893,60
5238626,1,888,60
5238627,1,824,60
5238628,1,823,60
5238629,1,887,60
5238630,1,889,60
5238631,1,886,60
5238632,1,895,60
5238635,1,271,1
5238636,1,271,13
5238637,1,234,2
5238638,1,235,2
5238639,1,234,4
5238640,1,234,5
5238641,1,235,1
5238642,1,235,3
5238643,1,234,1
5238644,1,271,4
5238645,1,221,3
5238646,1,271,9
5238647,1,232,2
5238648,1,269,3
5238649,1,234,3
5238650,2,232,5
5238651,1,232,6
5238652,1,232,7
5238653,1,236,11
5238654,2,232,1
5238655,1,269,1
5238656,1,271,3
5238657,1,271,5
5238658,1,271,6
5238659,1,271,7
5238660,1,271,8
5238661,1,269,4
5238662,1,244,1
5238663,1,237,2
5238664,1,277,1
5238665,1,269,5
5238666,1,221,2
5238667,1,221,4
5238668,1,243,6
5238669,1,243,7
5238670,1,232,3
5238671,1,248,2
5238672,1,248,3
5238673,1,248,1
5238674,1,237,1
5238675,1,271,12
5238676,1,271,18
5238677,1,269,2
5238678,1,200,1
5238679,1,204,2
5238680,1,204,1
5238681,1,245,3
5238682,1,271,2
5238683,1,208,1
5238684,1,224,1
5238685,1,249,2
5238686,1,249,3
5238687,1,249,4
5238688,1,249,6
5238689,1,249,1
5238690,1,894,1
5238691,1,891,1
5238692,1,246,2
5238693,1,246,1
5238694,1,342,1
5238695,1,244,2
5238696,1,243,8
5238697,1,245,1
5238698,1,245,2
5238699,1,245,5
5238700,1,245,4
5238701,1,245,7
5238702,1,245,6
5238703,1,245,8
5238704,1,245,11
5238705,1,245,12
5238706,1,893,1
5238707,1,235,5
5238708,1,226,6
5238709,1,221,1
5238710,1,271,24
5238711,1,200,2
5238712,1,240,1
5238713,1,240,2
5238714,1,240,3
5238715,1,240,6
5238716,1,240,10
5238717,1,238,1
5238718,1,236,5
5238719,1,236,4
5238720,1,236,10
5238721,1,236,7
5238722,1,236,6
5238723,1,236,3
5238724,1,236,2
5238725,1,236,1
5238726,1,236,8
5238727,1,887,1
5238728,1,886,1
5238729,1,271,11
5238730,2,243,1
5238731,1,243,2
5238732,1,243,3
5238733,1,243,4
5238734,1,249,7
5238735,1,249,5
5238736,1,271,22
5238737,1,271,16
5238738,1,221,6
5238739,1,271,15
5238740,1,221,5
5238741,1,236,9
5238742,1,237,3
5238743,1,269,9
5238744,1,981,1
5238744,2,981,1
5238745,1,269,8
5238746,1,226,1
5238747,1,226,2
5238748,1,226,3
5238749,1,226,4
5238750,1,226,5
5238751,1,245,13
5238752,1,271,25
5238753,1,226,10
5238754,1,235,4
5238755,1,277,3
5238756,1,277,4
5238757,1,240,8
5238758,1,245,10
5238759,1,245,9
5238760,1,245,14
5238761,1,240,13
5238762,1,226,7
5238763,1,226,8
5238764,1,226,9
5238765,1,271,10
5238766,1,269,6
5238767,1,271,27
5238768,1,271,23
5238769,1,243,5
5238770,1,271,14
5238771,1,271,21
5238772,1,232,4
5238773,1,271,26
5238774,1,271,19
5238775,1,277,2
5238776,1,240,5
5238777,1,240,9
5238778,1,240,15
5238779,1,240,17
5238780,1,240,18
5238781,1,240,11
5238782,1,240,16
5238783,1,240,14
5238784,1,245,15
5238785,1,245,17
5238786,1,245,16
5238787,1,245,18
5238788,1,269,7
5238789,1,271,20
5238790,1,271,28
5238791,1,240,12
5238792,1,240,4
5238793,1,240,7
5238794,1,271,29
5238795,1,271,17
5238796,1,889,1
5238797,1,248,7
5238798,1,248,5
5238799,1,248,6
5238800,1,248,2
5238801,1,248,1
5238802,1,248,3
5238803,1,248,4
5238804,1,234,2
5238805,1,235,1
5238806,1,234,1
5238807,1,235,2
5238808,1,271,2
5238809,1,271,3
5238810,1,271,4
5238811,1,271,5
5238812,1,271,6
5238813,1,271,7
5238814,1,271,1
5238815,1,221,1
5238816,1,249,2
5238817,1,249,3
5238818,1,249,1
5238819,1,245,5
5238820,1,245,4
5238821,1,245,3
5238822,1,245,2
5238823,1,221,2
5238824,1,245,1
5238825,1,221,3
5238826,1,226,1
5238827,1,226,2
5238828,1,226,3
5238829,1,240,4
5238830,1,240,2
5238831,1,240,5
5238832,1,240,1
5238833,1,240,3
5238834,1,240,6
5238835,1,522,1
5238836,1,522,2
5238837,1,522,3
5238838,1,522,4
5238839,1,522,5
5238840,1,522,6
5238841,1,545,1
5238842,1,545,2
5238843,1,545,3
5238844,1,545,4
5238845,1,545,5
5238846,1,545,6
5238847,1,550,3
5238848,1,550,2
5238849,1,554,4
5238850,1,554,5
5238851,1,672,1
5238852,1,672,2
5238853,1,672,3
5238854,1,672,4
5238855,1,672,5
5238856,1,672,6
5238857,1,672,8
5238858,1,522,7
5238859,1,672,7
5238860,1,255,1
5238861,1,255,2
5238862,1,255,3
5238863,1,545,7
5238864,1,550,1
5238865,1,554,1
5238866,1,550,4
5238867,1,550,6
5238868,1,550,7
5238869,1,550,8
5238870,1,550,5
5238871,1,554,2
5238872,1,554,3
5238873,1,255,4
5238874,1,255,5
5238875,1,255,6
5238876,1,255,8
5238877,1,255,7
5238878,1,550,9
5238879,1,248,2
5238880,1,248,3
5238881,1,248,4
5238882,1,248,5
5238883,1,248,6
5238884,1,248,7
5238885,1,248,1
5238886,1,271,5
5238887,1,271,6
5238888,1,271,4
5238889,1,271,2
5238890,1,271,1
5238891,1,271,7
5238892,1,271,3
5238893,1,235,1
5238894,1,235,2
5238895,1,234,1
5238896,1,234,2
5238897,1,221,1
5238898,1,221,2
5238899,1,221,3
5238900,1,221,4
5238901,1,208,1
5238902,1,249,2
5238903,1,249,3
5238904,1,249,1
5238905,1,240,4
5238906,1,240,3
5238907,1,240,2
5238908,1,240,1
5238909,1,245,2
5238910,1,245,3
5238911,1,245,4
5238912,1,245,1
5238913,1,245,5
5238914,1,226,1
5238915,1,226,2
5238916,1,226,3
5238917,1,226,4
5238918,1,226,5
5238919,1,226,6
5238920,1,269,2
5238921,1,269,1
5238922,1,269,3
5238923,1,269,4
5238924,1,240,5
5238925,1,240,6
5238926,1,221,5
5238927,1,522,1
5238928,1,522,2
5238929,1,522,3
5238930,1,522,4
5238931,1,522,5
5238932,1,522,6
5238933,1,522,7
5238934,1,545,1
5238935,1,545,2
5238936,1,545,3
5238937,1,545,4
5238938,1,545,5
5238939,1,545,6
5238940,1,554,2
5238941,1,554,1
5238942,1,554,5
5238943,1,672,1
5238944,1,672,2
5238945,1,672,3
5238946,1,672,4
5238947,1,672,5
5238948,1,672,6
5238949,1,672,7
5238950,1,255,1
5238951,1,255,2
5238952,1,255,3
5238953,1,255,4
5238954,1,550,1
5238955,1,550,2
5238956,1,550,3
5238957,1,554,4
5238958,1,255,5
5238959,1,255,6
5238960,1,554,3
5238961,1,550,4
5238962,1,550,5
5238963,1,255,7
5238964,1,255,9
5238965,1,554,7
5238966,1,550,7
5238967,1,550,8
5238968,1,550,6
5238969,1,554,6
5238971,1,111,3
5238972,1,183,3
5238973,1,182,3
5238974,1,111,7
5238975,1,143,10
5238976,1,143,4
5238977,1,179,4
5238978,1,179,5
5238979,1,159,2
5238980,1,183,1
5238981,1,186,3
5238982,1,111,6
5238983,1,111,15
5238984,1,192,1
5238985,1,143,3
5238986,1,159,4
5238987,1,111,12
5238988,1,159,5
5238989,1,111,14
5238990,1,182,2
5238991,1,179,2
5238992,1,177,2
5238993,1,111,11
5238994,1,952,8
5238995,1,186,1
5238996,1,952,6
5238997,1,183,5
5238998,1,179,1
5238999,1,143,8
5239000,1,158,3
5239001,1,159,1
5239002,1,190,9
5239003,1,177,1
5239004,1,159,3
5239005,1,177,7
5239006,1,158,4
5239007,1,952,3
5239008,1,952,7
5239009,1,158,5
5239010,1,190,2
5239011,1,111,1
5239012,1,182,1
5239013,1,183,6
5239014,1,183,4
5239015,1,192,6
5239016,1,111,4
5239017,1,143,12
5239018,1,143,7
5239019,1,190,3
5239020,1,143,1
5239021,1,952,2
5239022,1,143,5
5239023,1,190,6
5239024,1,158,1
5239025,1,190,7
5239026,1,952,1
5239027,1,111,8
5239028,1,111,9
5239029,1,952,4
5239030,1,952,5
5239031,1,177,3
5239032,1,192,2
5239033,1,192,3
5239034,1,182,5
5239035,1,182,4
5239036,1,671,16
5239037,1,671,15
5239038,1,671,14
5239039,1,671,13
5239040,1,671,11
5239041,1,671,7
5239042,1,671,6
5239043,1,671,5
5239044,1,671,4
5239045,1,671,3
5239046,1,671,2
5239047,1,671,1
5239048,1,671,17
5239049,1,193,10
5239050,1,193,9
5239051,1,193,8
5239052,1,193,7
5239053,1,193,5
5239054,1,193,4
5239055,1,193,3
5239056,1,193,2
5239057,1,193,1
5239058,1,180,18
5239059,1,180,8
5239060,1,180,7
5239061,1,180,4
5239062,1,180,3
5239063,1,180,1
5239064,1,180,2
5239065,1,178,2
5239066,1,178,4
5239067,1,178,3
5239068,1,178,1
5239069,1,178,8
5239070,1,178,7
5239071,1,178,6
5239072,1,192,5
5239073,1,192,4
5239074,1,186,4
5239075,1,111,13
5239076,1,159,6
5239077,1,111,10
5239078,1,179,8
5239079,1,158,6
5239080,1,179,9
5239081,1,179,11
5239082,1,186,2
5239083,1,181,1
5239084,1,181,3
5239085,1,181,4
5239086,1,181,5
5239087,1,181,6
5239088,1,676,14
5239089,1,676,12
5239090,1,676,10
5239091,1,676,7
5239092,1,676,8
5239093,1,676,6
5239094,1,676,5
5239095,1,676,4
5239096,1,676,3
5239097,1,676,2
5239098,1,676,1
5239099,1,143,11
5239100,1,118,5
5239101,1,116,7
5239102,1,116,6
5239103,1,116,5
5239104,1,197,11
5239105,1,197,10
5239106,1,197,9
5239107,1,197,8
5239108,1,197,5
5239109,1,197,2
5239110,1,197,1
5239111,1,197,3
5239112,1,143,2
5239113,1,143,9
5239114,1,179,3
5239115,1,179,10
5239116,1,179,12
5239117,1,190,5
5239118,1,190,1
5239119,1,190,8
5239120,1,190,10
5239121,1,180,5
5239122,1,177,8
5239123,1,178,9
5239124,1,177,10
5239125,1,177,6
5239126,1,197,7
5239127,1,197,4
5239128,1,190,4
5239129,1,143,6
5239130,1,158,2
5239131,1,159,7
5239132,1,111,5
5239133,1,111,16
5239134,1,159,8
5239135,1,178,5
5239136,1,177,9
5239137,1,177,4
5239138,1,116,8
5239139,1,193,6
5239140,1,676,11
5239141,1,676,9
5239142,1,671,10
5239143,1,671,9
5239144,1,671,8
5239145,1,671,12
5239146,1,22,1
5239147,1,22,2
5239148,1,105,1
5239149,1,105,2
5239150,1,107,1
5239151,1,107,2
5239152,1,107,3
5239153,1,107,4
5239154,1,107,5
5239155,1,107,6
5239156,1,107,7
5239157,1,107,8
5239158,1,107,9
5239159,1,107,10
5239160,1,107,11
5239161,1,107,12
5239162,1,107,14
5239163,1,107,15
5239164,1,107,16
5239165,1,107,17
5239166,1,118,2
5239167,1,118,3
5239168,1,118,6
5239169,1,119,21
5239170,1,119,22
5239171,1,119,31
5239172,1,119,32
5239173,1,118,4
5239174,1,154,4
5239175,1,154,3
5239176,1,154,1
5239177,1,154,2
5239178,1,156,1
5239179,1,156,2
5239180,1,156,3
5239181,1,156,5
5239182,1,157,1
5239183,1,157,2
5239184,1,157,3
5239185,1,157,4
5239186,1,157,5
5239187,1,157,6
5239188,1,157,7
5239189,1,164,1
5239190,1,164,2
5239191,1,164,3
5239192,1,168,1
5239193,1,168,2
5239194,1,168,3
5239195,1,168,4
5239196,1,166,1
5239197,1,166,2
5239198,1,166,3
5239199,1,166,4
5239200,1,166,5
5239201,1,166,6
5239202,1,166,7
5239203,1,166,8
5239204,1,166,12
5239205,1,166,15
5239206,1,158,10
5239207,1,158,8
5239208,1,158,9
5239209,1,158,7
5239210,1,166,10
5239211,1,166,13
5239212,1,166,11
5239213,1,166,9
5239214,1,166,14
5239215,1,676,13
5239216,1,118,1
5239217,1,116,1
5239218,1,116,2
5239219,1,116,3
5239220,1,116,4
5239221,1,183,2
5239222,1,183,7
5239223,1,190,11
5239224,1,156,4
5239225,1,156,6
5239226,1,156,7
5239227,1,180,6
5239228,1,180,11
5239229,1,676,15
5239230,1,676,18
5239231,1,676,17
5239232,1,676,16
5239233,1,179,6
5239234,1,178,10
5239235,1,178,11
5239236,1,168,5
5239237,1,179,7
5239238,1,101,2
5239239,1,101,1
5239240,1,101,15
5239241,1,101,4
5239242,1,150,2
5239243,1,150,1
5239244,1,150,3
5239245,1,150,6
5239246,1,150,4
5239247,1,101,18
5239248,1,101,5
5239249,1,101,6
5239250,1,101,7
5239251,1,102,2
5239252,1,101,8
5239253,1,150,9
5239254,1,150,14
5239255,1,102,3
5239256,1,150,11
5239257,1,101,16
5239258,1,101,10
5239259,1,102,4
5239260,1,150,12
5239261,1,101,13
5239262,1,102,7
5239263,1,101,17
5239264,1,150,15
5239265,1,101,19
5239266,1,150,18
5239267,1,150,17
5239268,1,102,5
5239269,1,180,10
5239270,1,180,9
5239271,1,180,12
5239272,1,180,17
5239273,1,180,20
5239274,1,180,16
5239275,1,180,15
5239276,1,180,19
5239277,1,180,14
5239278,1,180,13
5239279,1,181,2
5239280,1,181,8
5239281,1,181,9
5239282,1,181,7
5239283,1,181,10
5239284,1,182,6
5239285,1,111,2
5239286,1,50,12
5239287,1,50,10
5239288,1,50,7
5239289,1,50,9
5239290,1,50,6
5239291,1,50,5
5239292,1,50,4
5239293,1,50,2
5239294,1,50,3
5239295,1,50,1
5239296,1,50,13
5239297,1,50,11
5239298,1,50,8
5239299,1,107,13
5239300,1,197,21
5239301,1,197,31
5239302,1,150,8
5239303,1,197,6
5239304,1,150,16
5239305,1,102,6
5239306,1,101,14
5239307,1,177,5
5239308,1,101,3
5239309,1,150,5
5239310,1,102,1
5239311,1,150,7
5239312,1,150,10
5239313,1,101,9
5239314,1,101,11
5239315,1,101,12
5239316,1,150,13
5239318,1,671,1
5239319,1,671,2
5239320,1,671,3
5239321,1,671,4
5239322,1,671,5
5239323,1,671,6
5239324,1,671,7
5239325,1,671,8
5239326,1,671,9
5239327,1,671,10
5239328,1,22,1
5239329,1,105,1
5239330,1,105,2
5239331,1,107,1
5239332,1,107,2
5239333,1,107,3
5239334,1,107,4
5239335,1,107,5
5239336,1,107,6
5239337,1,118,1
5239338,1,156,1
5239339,1,156,2
5239340,1,183,1
5239341,1,183,2
5239342,1,183,3
5239343,1,166,1
5239344,1,166,2
5239345,1,166,3
5239346,1,166,4
5239347,1,166,5
5239348,1,166,6
5239349,1,166,7
5239350,1,166,8
5239351,1,168,2
5239352,1,168,1
5239353,1,180,1
5239354,1,180,2
5239355,1,180,3
5239356,1,180,4
5239357,1,180,5
5239358,1,180,6
5239359,1,180,7
5239360,1,181,1
5239361,1,181,2
5239362,1,181,3
5239363,1,181,4
5239364,1,181,5
5239365,1,182,2
5239366,1,182,1
5239367,1,676,1
5239368,1,676,2
5239369,1,676,3
5239370,1,676,4
5239371,1,676,6
5239372,1,676,9
5239373,1,676,8
5239374,1,150,1
5239375,1,150,2
5239376,1,150,3
5239377,1,150,4
5239378,1,150,6
5239379,1,101,2
5239380,1,150,8
5239381,1,150,9
5239382,1,101,4
5239383,1,150,10
5239384,1,150,13
5239385,1,150,12
5239386,1,676,7
5239387,1,676,5
5239388,1,50,2
5239389,1,50,5
5239390,1,50,1
5239391,1,50,3
5239392,1,50,4
5239393,1,150,11
5239394,1,101,6
5239395,1,50,6
5239396,1,150,5
5239397,1,150,7
5239398,1,101,1
5239399,1,150,14
5239400,1,101,3
5239401,1,101,5
5239403,1,107,1
5239404,1,107,2
5239405,1,107,3
5239406,1,107,4
5239407,1,107,5
5239408,1,107,6
5239409,1,107,7
5239410,1,50,1
5239411,1,50,2
5239412,1,22,1
5239413,1,105,1
5239414,1,676,1
5239415,1,169,4
5239416,1,676,2
5239417,1,676,3
5239418,1,676,4
5239419,1,676,6
5239420,1,676,8
5239421,1,676,9
5239422,1,168,1
5239423,1,168,3
5239424,1,168,2
5239425,1,168,4
5239426,1,169,1
5239427,1,169,2
5239428,1,169,3
5239429,1,156,1
5239430,1,156,2
5239431,1,180,1
5239432,1,180,2
5239433,1,180,3
5239434,1,180,4
5239435,1,180,5
5239436,1,180,6
5239437,1,180,7
5239438,1,182,1
5239439,1,182,2
5239440,1,181,1
5239441,1,181,2
5239442,1,181,4
5239443,1,181,3
5239444,1,181,5
5239445,1,118,1
5239446,1,180,8
5239447,1,180,9
5239448,1,671,1
5239449,1,671,2
5239450,1,671,3
5239451,1,671,4
5239452,1,671,5
5239453,1,671,6
5239454,1,671,7
5239455,1,671,8
5239456,1,50,4
5239457,1,50,3
5239458,1,50,5
5239459,1,150,1
5239460,1,101,1
5239461,1,150,2
5239462,1,150,3
5239463,1,150,4
5239464,1,150,5
5239465,1,150,6
5239466,1,150,7
5239467,1,150,12
5239468,1,150,11
5239469,1,150,10
5239470,1,676,5
5239471,1,676,7
5239472,1,671,10
5239473,1,671,11
5239474,1,150,8
5239475,1,101,5
5239476,1,150,9
5239477,1,101,2
5239478,1,101,3
5239479,1,101,4
5239874,1,12,2
5239875,1,12,3
5239876,1,12,4
5239877,1,12,1
5239878,1,47,1
5239879,1,7,1
5239880,1,7,2
5239881,1,7,3
5239882,1,7,4
5239883,1,7,5
5239884,1,7,6
5239885,1,7,7
5239886,1,7,8
5239887,1,7,9
5239888,1,7,10
5239889,1,7,11
5239890,1,7,12
5239891,1,7,13
5239892,1,7,14
5239893,1,7,15
5239894,1,7,16
5239895,1,7,17
5239896,1,7,18
5239897,1,7,19
5239898,1,7,20
5239899,1,7,21
5239900,1,44,1
5239901,1,44,2
5239902,1,44,3
5239903,1,44,4
5239904,1,44,5
5239905,1,44,6
5239906,1,44,7
5239907,1,44,8
5239908,1,44,9
5239909,1,36,1
5239910,1,36,2
5239911,1,36,3
5239912,1,36,4
5239913,1,36,5
5239914,1,36,6
5239915,1,36,10
5239916,1,36,11
5239917,1,10,1
5239918,1,10,2
5239919,1,10,3
5239920,1,10,4
5239921,1,36,7
5239922,1,36,8
5239923,1,36,9
5239924,1,2,2
5239925,1,2,4
5239926,1,2,5
5239927,1,2,6
5239928,1,2,8
5239929,1,2,9
5239930,1,1,1
5239931,1,1,2
5239932,1,1,4
5239933,1,1,5
5239934,1,1,6
5239935,1,1,7
5239936,1,3,7
5239937,1,3,8
5239938,1,3,9
5239939,1,3,6
5239940,1,3,5
5239941,1,3,3
5239942,1,3,2
5239943,1,3,1
5239944,1,3,4
5239945,1,3,10
5239946,1,1,3
5239947,1,2,3
5239948,1,2,7
5239949,1,2,1
5239950,1,70,1
5239951,1,70,2
5239952,1,70,3
5239953,1,70,4
5239954,1,70,5
5239955,1,70,6
5239956,1,70,7
5239957,1,120,1
5239958,1,120,2
5239959,1,120,3
5239960,1,120,9
5239961,1,120,4
5239962,1,120,8
5239963,1,120,5
5239964,1,120,10
5239965,1,120,6
5239966,1,120,7
5239967,1,120,11
5239968,1,12,1
5239969,1,47,1
5239970,1,12,2
5239971,1,7,1
5239972,1,7,2
5239973,1,7,3
5239974,1,7,4
5239975,1,7,5
5239976,1,7,6
5239977,1,7,7
5239978,1,7,8
5239979,1,7,9
5239980,1,7,10
5239981,1,7,11
5239982,1,7,12
5239983,1,7,13
5239984,1,7,14
5239985,1,7,15
5239986,1,7,16
5239987,1,7,17
5239988,1,7,18
5239989,1,7,19
5239990,1,7,20
5239991,1,44,2
5239992,1,44,3
5239993,1,44,4
5239994,1,44,5
5239995,1,44,6
5239996,1,44,7
5239997,1,44,1
5239998,1,120,2
5239999,1,120,3
5240000,1,120,4
5240001,1,120,5
5240002,1,120,1
5240003,1,36,1
5240004,1,36,2
5240005,1,36,3
5240006,1,36,4
5240007,1,36,5
5240008,1,36,6
5240009,1,36,7
5240010,1,36,8
5240011,1,36,9
5240012,1,10,1
5240013,1,10,2
5240014,1,10,3
5240015,1,10,4
5240016,1,1,1
5240017,1,1,2
5240018,1,1,3
5240019,1,1,4
5240020,1,1,5
5240021,1,2,1
5240022,1,2,2
5240023,1,2,3
5240024,1,2,4
5240025,1,3,1
5240026,1,3,2
5240027,1,3,3
5240028,1,3,4
5240029,1,3,5
5240030,1,3,6
5240031,1,3,7
5240032,1,3,8
5240033,1,3,9
5240034,1,70,1
5240035,1,70,2
5240036,1,70,3
5240037,1,70,4
5240038,1,70,5
5240039,1,70,8
5240040,1,70,6
5240041,1,70,7
5240042,1,120,6
5240043,1,120,7
5240044,1,12,1
5240045,1,12,2
5240046,1,12,3
5240047,1,12,5
5240048,1,12,4
5240049,1,12,6
5240050,1,12,7
5240051,1,12,8
5240052,1,12,9
5240053,1,12,10
5240054,1,36,1
5240055,1,36,2
5240056,1,36,3
5240057,1,36,6
5240058,1,36,8
5240059,1,36,9
5240060,1,36,10
5240061,1,36,11
5240062,1,36,12
5240063,1,36,13
5240064,1,36,14
5240065,1,36,17
5240066,1,36,19
5240067,1,36,21
5240068,1,36,23
5240069,1,36,4
5240070,1,36,7
5240071,1,10,1
5240072,1,10,10
5240073,1,10,2
5240074,1,10,3
5240075,1,10,4
5240076,1,10,5
5240077,1,10,6
5240078,1,10,7
5240079,1,10,8
5240080,1,10,9
5240081,1,36,20
5240082,1,36,15
5240083,1,36,16
5240084,1,36,22
5240085,1,2,2
5240086,1,2,1
5240087,1,2,3
5240088,1,2,4
5240089,1,2,5
5240090,1,2,6
5240091,1,2,7
5240092,1,2,8
5240093,1,2,10
5240094,1,2,9
5240095,1,2,11
5240096,1,2,13
5240097,1,2,15
5240098,1,2,17
5240099,1,2,18
5240100,1,2,19
5240101,1,2,12
5240102,1,2,16
5240103,1,1,1
5240104,1,1,2
5240105,1,1,3
5240106,1,1,4
5240107,1,1,5
5240108,1,1,6
5240109,1,1,7
5240110,1,1,8
5240111,1,1,9
5240112,1,1,10
5240113,1,1,11
5240114,1,1,12
5240115,1,1,13
5240116,1,70,1
5240117,1,44,1
5240118,1,36,18
5240119,1,36,5
5240120,1,44,5
5240121,1,44,9
5240122,1,44,10
5240123,1,44,12
5240124,1,44,2
5240125,1,44,3
5240126,1,44,4
5240127,1,44,6
5240128,1,44,7
5240129,1,44,8
5240130,1,44,11
5240131,1,44,13
5240132,1,44,14
5240133,1,44,15
5240134,1,44,16
5240135,1,44,17
5240136,1,44,18
5240137,1,44,19
5240138,1,7,31
5240139,1,7,33
5240140,1,7,26
5240141,1,7,30
5240141,2,7,30
5240142,1,7,29
5240143,1,7,32
5240144,1,7,23
5240145,1,7,28
5240146,1,7,25
5240147,1,7,24
5240148,1,7,21
5240149,1,7,22
5240150,1,7,18
5240151,1,7,19
5240152,1,7,20
5240153,1,7,15
5240154,1,7,13
5240155,1,7,14
5240156,1,7,12
5240157,1,7,11
5240158,1,7,10
5240159,1,7,9
5240160,1,7,7
5240161,1,7,6
5240162,1,7,8
5240163,1,7,4
5240164,1,7,3
5240165,1,7,2
5240166,1,7,5
5240167,1,7,17
5240168,1,7,1
5240169,1,7,27
5240170,1,2,20
5240171,1,7,16
5240172,1,70,2
5240173,1,70,3
5240174,1,70,5
5240175,1,70,6
5240176,1,70,7
5240177,1,70,8
5240178,1,70,9
5240179,1,70,10
5240180,1,70,11
5240181,1,70,12
5240182,1,3,1
5240183,1,3,3
5240184,1,3,4
5240185,1,3,7
5240186,1,3,5
5240187,1,3,11
5240188,1,3,8
5240189,1,3,9
5240190,1,3,10
5240191,1,3,14
5240192,1,3,12
5240193,1,3,13
5240194,1,3,16
5240195,1,3,15
5240196,1,3,17
5240197,1,3,18
5240198,1,3,20
5240199,1,3,22
5240200,1,3,23
5240201,1,3,25
5240202,1,3,2
5240203,1,3,24
5240204,1,4,2
5240205,1,4,1
5240206,1,47,3
5240207,1,47,2
5240208,1,47,1
5240209,1,3,19
5240210,1,3,21
5240210,2,3,21
5240211,1,2,14
5240212,1,70,15
5240213,1,70,16
5240214,1,70,4
5240215,1,70,13
5240216,1,70,18
5240217,1,70,19
5240218,1,3,6
5240219,1,70,14
5240220,1,70,17
5240221,1,120,1
5240222,1,120,2
5240223,1,120,3
5240224,1,120,4
5240225,1,120,5
5240226,1,120,6
5240227,1,120,7
5240228,1,120,8
5240229,1,120,9
5240230,1,120,10
5240231,1,120,11
5240232,1,120,12
5240233,1,120,13
5240234,1,120,14
5240235,1,120,15
5240236,1,120,16
5240237,1,120,17
5240238,1,120,18
5240239,1,120,19
5240240,1,120,20
5240241,1,120,21
5240242,1,120,22
5240243,1,120,23
5240244,1,120,24
5240245,1,120,25
5240246,1,120,26
5240247,1,120,27
5240248,1,120,28
5240249,1,120,29
5240250,1,120,30
5240251,1,120,31
5240252,1,120,32
5240253,1,120,33
5240254,1,120,34
5240255,1,120,35
5240256,1,120,36
5240257,1,120,37
5241348,1,125,1
5241349,1,125,2
5241350,1,125,3
5241390,1,673,1
5241391,1,673,2
5241392,1,673,3
5241393,1,673,4
5241394,1,673,5
5241395,1,673,6
5241396,1,673,7
5241397,1,673,13
5241398,1,673,8
5241399,1,673,9
5241400,1,673,10
5241401,1,673,11
5241402,1,673,12
5241403,1,673,16
5241404,1,673,14
5241405,1,673,15
5241468,1,125,1
5241469,1,125,2
5241470,1,125,3
5241505,1,673,1
5241506,1,673,2
5241507,1,673,3
5241508,1,673,4
5241509,1,673,5
5241510,1,673,11
5241511,1,673,6
5241512,1,673,7
5241513,1,673,8
5241514,1,673,9
5241515,1,673,10
5241516,1,673,12
5241517,1,673,14
5241518,1,673,13
5241530,1,5,5
5241531,1,56,3
5241532,1,15,11
5241536,1,21,10
5241537,1,56,1
5241539,1,56,2
5241543,1,18,1
5241544,1,21,1
5241545,1,57,9
5241549,1,5,16
5241551,1,21,5
5241554,1,21,11
5241555,1,56,6
5241557,1,55,2
5241561,1,57,1
5241562,1,21,2
5241563,1,21,6
5241564,1,18,2
5241566,1,21,12
5241567,1,21,3
5241569,1,5,40
5241572,1,56,4
5241578,1,56,7
5241580,1,56,5
5241582,1,15,1
5241583,1,57,2
5241585,1,55,1
5241594,1,15,4
5241631,1,5,34
5241633,1,21,13
5241634,1,21,14
5241637,1,55,11
5241655,1,125,1
5241656,1,60,4
5241657,1,125,4
5241658,1,125,6
5241659,1,15,2
5241662,1,21,15
5241664,1,125,2
5241701,1,113,2
5241702,1,113,5
5241703,1,5,35
5241705,1,17,3
5241717,1,60,16
5241751,1,21,16
5241753,1,55,4
5241754,1,21,4
5241763,1,125,5
5241779,1,55,5
5241781,1,57,4
5241806,1,55,3
5241807,1,113,3
5241808,1,57,5
5241809,1,21,7
5241810,1,21,9
5241812,1,21,8
5241813,1,55,6
5241816,1,113,4
5241821,1,125,3
5241824,1,673,50
5241825,1,673,1
5241826,1,673,48
5241827,1,673,2
5241828,1,673,33
5241829,1,673,4
5241830,1,673,31
5241831,1,673,3
5241832,1,673,47
5241833,1,673,6
5241834,1,673,5
5241835,1,673,7
5241836,1,673,10
5241837,1,673,40
5241838,1,673,8
5241839,1,673,43
5241840,1,673,9
5241841,1,673,44
5241842,1,673,11
5241843,1,673,13
5241844,1,673,45
5241845,1,673,12
5241846,1,673,38
5241847,1,675,8
5241848,1,673,39
5241849,1,673,46
5241850,1,673,15
5241851,1,673,16
5241852,1,673,17
5241853,1,673,30
5241854,1,673,18
5241855,1,673,19
5241856,1,673,32
5241857,1,673,20
5241858,1,673,21
5241859,1,673,42
5241860,1,673,22
5241861,1,673,23
5241862,1,673,34
5241863,1,673,41
5241864,1,673,24
5241865,1,673,35
5241866,1,673,25
5241867,1,673,37
5241868,1,673,26
5241869,1,673,28
5241870,1,673,36
5241871,1,673,49
5241895,1,40,3
5241932,1,673,27
5241933,1,673,29
5241937,1,673,14
5241949,1,27,7
5241950,1,37,6
5241952,1,37,5
5241953,1,121,1
5241954,1,123,6
5241955,1,121,2
5241956,1,123,1
5241957,1,121,8
5241958,1,121,3
5241959,1,122,2
5241960,1,121,9
5241961,1,48,4
5241962,1,123,4
5241963,1,122,3
5241964,1,122,7
5241965,1,121,12
5241966,1,121,6
5241967,1,123,3
5241968,1,121,7
5241969,1,123,5
5241970,1,26,12
5241971,1,121,4
5241972,1,121,5
5241993,1,122,1
5242031,1,64,1
5242051,1,19,2
5242069,1,124,11
5242070,1,27,4
5242120,1,122,8
5242144,1,123,7
5242190,2,121,10
5242191,1,122,4
5242192,1,121,11
5242193,1,121,13
5242194,1,123,2
5242195,1,121,14
5242214,1,122,5
5242647,1,12,2
5242648,1,12,3
5242649,1,12,4
5242650,1,12,1
5242651,1,47,1
5242652,1,7,1
5242653,1,7,2
5242654,1,7,3
5242655,1,7,4
5242656,1,7,5
5242657,1,7,6
5242658,1,7,7
5242659,1,7,8
5242660,1,7,9
5242661,1,7,10
5242662,1,7,11
5242663,1,7,12
5242664,1,7,13
5242665,1,7,14
5242666,1,7,15
5242667,1,7,16
5242668,1,7,17
5242669,1,7,18
5242670,1,7,19
5242671,1,7,20
5242672,1,7,21
5242673,1,44,1
5242674,1,44,2
5242675,1,44,3
5242676,1,44,4
5242677,1,44,5
5242678,1,44,6
5242679,1,44,7
5242680,1,44,8
5242681,1,44,9
5242682,1,36,1
5242683,1,36,2
5242684,1,36,3
5242685,1,36,4
5242686,1,36,5
5242687,1,36,6
5242688,1,36,10
5242689,1,36,11
5242690,1,10,1
5242691,1,10,2
5242692,1,10,3
5242693,1,10,4
5242694,1,36,7
5242695,1,36,8
5242696,1,36,9
5242697,1,2,2
5242698,1,2,4
5242699,1,2,5
5242700,1,2,6
5242701,1,2,8
5242702,1,2,9
5242703,1,1,1
5242704,1,1,2
5242705,1,1,4
5242706,1,1,5
5242707,1,1,6
5242708,1,1,7
5242709,1,3,7
5242710,1,3,8
5242711,1,3,9
5242712,1,3,6
5242713,1,3,5
5242714,1,3,3
5242715,1,3,2
5242716,1,3,1
5242717,1,3,4
5242718,1,3,10
5242719,1,1,3
5242720,1,2,3
5242721,1,2,7
5242722,1,2,1
5242723,1,70,1
5242724,1,70,2
5242725,1,70,3
5242726,1,70,4
5242727,1,70,5
5242728,1,70,6
5242729,1,70,7
5242730,1,120,1
5242731,1,120,2
5242732,1,120,3
5242733,1,120,9
5242734,1,120,4
5242735,1,120,8
5242736,1,120,5
5242737,1,120,10
5242738,1,120,6
5242739,1,120,7
5242740,1,120,11
5242741,1,12,1
5242742,1,47,1
5242743,1,12,2
5242744,1,7,1
5242745,1,7,2
5242746,1,7,3
5242747,1,7,4
5242748,1,7,5
5242749,1,7,6
5242750,1,7,7
5242751,1,7,8
5242752,1,7,9
5242753,1,7,10
5242754,1,7,11
5242755,1,7,12
5242756,1,7,13
5242757,1,7,14
5242758,1,7,15
5242759,1,7,16
5242760,1,7,17
5242761,1,7,18
5242762,1,7,19
5242763,1,7,20
5242764,1,44,2
5242765,1,44,3
5242766,1,44,4
5242767,1,44,5
5242768,1,44,6
5242769,1,44,7
5242770,1,44,1
5242771,1,120,2
5242772,1,120,3
5242773,1,120,4
5242774,1,120,5
5242775,1,120,1
5242776,1,36,1
5242777,1,36,2
5242778,1,36,3
5242779,1,36,4
5242780,1,36,5
5242781,1,36,6
5242782,1,36,7
5242783,1,36,8
5242784,1,36,9
5242785,1,10,1
5242786,1,10,2
5242787,1,10,3
5242788,1,10,4
5242789,1,1,1
5242790,1,1,2
5242791,1,1,3
5242792,1,1,4
5242793,1,1,5
5242794,1,2,1
5242795,1,2,2
5242796,1,2,3
5242797,1,2,4
5242798,1,3,1
5242799,1,3,2
5242800,1,3,3
5242801,1,3,4
5242802,1,3,5
5242803,1,3,6
5242804,1,3,7
5242805,1,3,8
5242806,1,3,9
5242807,1,70,1
5242808,1,70,2
5242809,1,70,3
5242810,1,70,4
5242811,1,70,5
5242812,1,70,8
5242813,1,70,6
5242814,1,70,7
5242815,1,120,6
5242816,1,120,7
5242817,1,12,1
5242818,1,12,2
5242819,1,12,3
5242820,1,12,5
5242821,1,12,4
5242822,1,12,6
5242823,1,12,7
5242824,1,12,8
5242825,1,12,9
5242826,1,12,10
5242827,1,36,1
5242828,1,36,2
5242829,1,36,3
5242830,1,36,6
5242831,1,36,8
5242832,1,36,9
5242833,1,36,10
5242834,1,36,11
5242835,1,36,12
5242836,1,36,13
5242837,1,36,14
5242838,1,36,17
5242839,1,36,19
5242840,1,36,21
5242841,1,36,23
5242842,1,36,4
5242843,1,36,7
5242844,1,120,31
5242845,1,10,1
5242846,1,10,10
5242847,1,10,2
5242848,1,10,3
5242849,1,10,4
5242850,1,10,5
5242851,1,10,6
5242852,1,10,7
5242853,1,10,8
5242854,1,10,9
5242855,1,36,20
5242856,1,36,15
5242857,1,36,16
5242858,1,36,22
5242859,1,2,2
5242860,1,2,1
5242861,1,2,3
5242862,1,2,4
5242863,1,2,5
5242864,1,2,6
5242865,1,2,7
5242866,1,2,8
5242867,1,2,10
5242868,1,2,9
5242869,1,2,11
5242870,1,2,13
5242871,1,2,15
5242872,1,2,17
5242873,1,2,18
5242874,1,2,19
5242875,1,2,12
5242876,1,2,16
5242877,1,1,1
5242878,1,1,2
5242879,1,1,3
5242880,1,1,4
5242881,1,1,5
5242882,1,1,6
5242883,1,1,7
5242884,1,1,8
5242885,1,1,9
5242886,1,1,10
5242887,1,1,11
5242888,1,1,12
5242889,1,1,13
5242890,1,70,1
5242891,1,44,1
5242892,1,36,18
5242893,1,36,5
5242894,1,44,5
5242895,1,44,9
5242896,1,44,10
5242897,1,44,12
5242898,1,44,2
5242899,1,44,3
5242900,1,44,4
5242901,1,44,6
5242902,1,44,7
5242903,1,44,8
5242904,1,44,11
5242905,1,44,13
5242906,1,44,14
5242907,1,44,15
5242908,1,44,16
5242909,1,44,17
5242910,1,44,18
5242911,1,44,19
5242912,1,7,31
5242913,1,7,33
5242914,1,7,26
5242915,1,7,30
5242916,1,7,29
5242917,1,7,32
5242918,1,7,23
5242919,1,7,28
5242920,1,7,25
5242921,1,7,24
5242922,1,7,21
5242923,1,7,22
5242924,1,7,18
5242925,1,7,19
5242926,1,7,20
5242927,1,7,15
5242928,1,7,13
5242929,1,7,14
5242930,1,7,12
5242931,1,7,11
5242932,1,7,10
5242933,1,7,9
5242934,1,7,7
5242935,1,7,6
5242936,1,7,8
5242937,1,7,4
5242938,1,7,3
5242939,1,7,2
5242940,1,7,5
5242941,1,7,17
5242942,1,7,1
5242943,1,7,27
5242944,1,2,20
5242945,1,7,16
5242946,1,70,2
5242947,1,70,3
5242948,1,70,5
5242949,1,70,6
5242950,1,70,7
5242951,1,70,8
5242952,1,70,9
5242953,1,70,10
5242954,1,70,11
5242955,1,70,12
5242956,1,3,1
5242957,1,3,3
5242958,1,3,4
5242959,1,3,7
5242960,1,3,5
5242961,1,3,11
5242962,1,3,8
5242963,1,3,9
5242964,1,3,10
5242965,1,3,14
5242966,1,3,12
5242967,1,3,13
5242968,1,3,16
5242969,1,3,15
5242970,1,3,17
5242971,1,3,18
5242972,1,3,20
5242973,1,3,22
5242974,1,3,23
5242975,1,3,25
5242976,1,3,2
5242977,1,3,24
5242978,1,4,2
5242979,1,4,1
5242980,1,47,3
5242981,1,47,2
5242982,1,47,1
5242983,1,3,19
5242984,1,3,21
5242985,1,2,14
5242986,1,70,15
5242987,1,70,16
5242988,1,120,1
5242989,1,120,2
5242990,1,120,3
5242991,1,120,29
5242992,1,120,4
5242993,1,120,5
5242994,1,120,21
5242995,1,120,6
5242996,1,120,7
5242997,1,120,33
5242998,1,120,9
5242999,1,120,8
5243000,1,120,10
5243001,1,120,11
5243002,1,120,12
5243003,1,120,13
5243004,1,120,14
5243005,1,120,16
5243006,1,120,17
5243007,1,120,18
5243008,1,120,19
5243009,1,120,28
5243010,1,120,22
5243011,1,120,37
5243012,1,120,36
5243013,1,120,23
5243014,1,120,26
5243015,1,120,34
5243016,1,120,30
5243017,1,120,25
5243018,1,70,4
5243019,1,70,13
5243020,1,70,18
5243021,1,70,19
5243022,1,3,6
5243023,1,120,15
5243024,1,120,27
5243025,1,120,24
5243026,1,120,20
5243027,1,120,35
5243028,1,70,14
5243029,1,120,32
5243030,1,70,17
5244040,1,894,61
5244041,1,891,61
5244042,1,892,61
